{
 "cells": [
  {
   "cell_type": "markdown",
   "metadata": {},
   "source": [
    "# Coding Project: Differentiable NAS\n",
    "\n",
    "* ### Based on the paper:H. Liu, K. Simonyanand Y. Yang, “DARTS: Differentiable Architecture Search,” International Conference on Learning Representations (ICLR),2019\n",
    "\n",
    "* ### Assignment\n",
    "\n",
    "  1. Find a codebase of this paper (the original DARTS implementation is available, and you can find a few variants), download the CIFAR10 and CIFAR100 datasets\n",
    "\n",
    "  **The dataset and codebase have already upload in the OBS of Huawei Cloud Platform, you can use it directly in the ModelArts.**\n",
    "\n",
    "  1. Run the basic code on the server, with the standard configuration of the selected paperon CIFAR10 (take the computational costs into consideration)\n",
    "  \n",
    "  2. Finish the required task and one of the optional tasks (see the following slides) –of course, you can do more than one optional tasks if you wish (bonus points)\n",
    "  3. If you have more ideas, please specify a new task by yourself (bonus points)\n",
    "  4. Remember: integrate your results into your reading report\n",
    "  5. Date assigned: Nov. 19, 2019;    Date Due: Dec 14, 2020\n"
   ]
  },
  {
   "cell_type": "markdown",
   "metadata": {},
   "source": [
    "# Required Task\n",
    "\n",
    "* The basic training and testing pipeline\n",
    "    * Run a complete search process with DARTS or any of its variant on CIFAR10 (PC-DARTS is preferred due to the low costs)\n",
    "    * Note: due to the limitation of computational resource, you may not have sufficient resource to perform the re-training process\n",
    "    * Pay attention to the hyper-parameters (config, epochs, etc.)\n",
    "* Questions that should be answered in the report\n",
    "    * Paste complete training and testing curves and the final architecture\n",
    "    * Report the training and validation accuracy throughout the process\n",
    "    * How is performance changing with the number of iterations?\n",
    "    * Any other significant features that can be recognized in the curves?"
   ]
  },
  {
   "cell_type": "markdown",
   "metadata": {},
   "source": [
    "## Preparation\n",
    "One time installation of required libraries from requirement.txt and creating data path"
   ]
  },
  {
   "cell_type": "code",
   "execution_count": null,
   "metadata": {},
   "outputs": [],
   "source": [
    "!pip3 install torch\n",
    "!mkdir data"
   ]
  },
  {
   "cell_type": "markdown",
   "metadata": {},
   "source": [
    "Downloading CIFAR10"
   ]
  },
  {
   "cell_type": "code",
   "execution_count": null,
   "metadata": {},
   "outputs": [],
   "source": [
    "from dataset.dataset_dowloader_ import *\n",
    "\n",
    "cifar10_dowloader()"
   ]
  },
  {
   "cell_type": "markdown",
   "metadata": {},
   "source": [
    "Let's start!\n",
    "\n",
    "We are going to search couple of genotypes. We choose next combinations of initial hyperparams:\n",
    "\n",
    "  * `N4-E50-CS8-BS256` - classic\n",
    "     - `N4` - nodes number (4) in each cell\n",
    "     - `E50` - epochs number (50) for searching final genotype\n",
    "     - `CS8` - cell number (8) as a \"layer\"\n",
    "     - `BS256` - batch size (256) from CIFAR10 (training portion of data is 0.5 - 25k)\n",
    "     \n",
    "  * `N4-E50-CS8-BS128` - batch size (128)\n",
    "     \n",
    "  * `N4-E50-CS4-BS256` - cell number (4)\n",
    "     \n",
    "  * `N4-E20-CS8-BS256` - epochs number (20)\n",
    "     \n",
    "  * `N3-E50-CS8-BS256` - nodes number (3)"
   ]
  },
  {
   "cell_type": "code",
   "execution_count": 1,
   "metadata": {},
   "outputs": [
    {
     "name": "stdout",
     "output_type": "stream",
     "text": [
      "Experiment dir : search-N4-E50-CS8-BS256-20200118-104919\n",
      "01/18 10:49:19 AM gpu device = 0\n",
      "01/18 10:49:19 AM args = Namespace(arch_learning_rate=0.0006, arch_weight_decay=0.001, batch_size=256, cutout=False, cutout_length=16, data='./data', drop_path_prob=0.3, epochs=50, gpu=0, grad_clip=5, init_channels=16, layers=8, learning_rate=0.1, learning_rate_min=0.001, model_path='saved_models', momentum=0.9, multiplier=4, nodes=4, report_freq=50, save='search-N4-E50-CS8-BS256-20200118-104919', seed=2, set='cifar10', train_portion=0.5, unrolled=False, weight_decay=0.0003)\n",
      "01/18 10:49:25 AM param size = 0.299578MB\n",
      "Files already downloaded and verified\n",
      "01/18 10:49:29 AM epoch 0 lr 1.000000e-01\n",
      "01/18 10:49:29 AM genotype_debug = Genotype(normal=[('avg_pool_3x3', 'max_pool_3x3', 1), ('sep_conv_5x5', 'skip_connect', 0), ('sep_conv_5x5', 'max_pool_3x3', 1), ('avg_pool_3x3', 'max_pool_3x3', 2), ('dil_conv_5x5', 'skip_connect', 0), ('avg_pool_3x3', 'max_pool_3x3', 1), ('sep_conv_3x3', 'avg_pool_3x3', 2), ('avg_pool_3x3', 'max_pool_3x3', 3), ('skip_connect', 'avg_pool_3x3', 0), ('dil_conv_3x3', 'avg_pool_3x3', 0), ('avg_pool_3x3', 'max_pool_3x3', 2), ('dil_conv_5x5', 'avg_pool_3x3', 3), ('skip_connect', 'avg_pool_3x3', 1), ('sep_conv_3x3', 'avg_pool_3x3', 4)], normal_concat=range(2, 6), reduce=[('max_pool_3x3', 'max_pool_3x3', 0), ('avg_pool_3x3', 'max_pool_3x3', 1), ('sep_conv_3x3', 'skip_connect', 1), ('sep_conv_3x3', 'skip_connect', 2), ('dil_conv_5x5', 'max_pool_3x3', 0), ('sep_conv_5x5', 'sep_conv_3x3', 1), ('dil_conv_3x3', 'max_pool_3x3', 3), ('max_pool_3x3', 'max_pool_3x3', 2), ('dil_conv_3x3', 'sep_conv_5x5', 0), ('sep_conv_5x5', 'avg_pool_3x3', 2), ('dil_conv_3x3', 'max_pool_3x3', 1), ('sep_conv_3x3', 'skip_connect', 4), ('dil_conv_3x3', 'avg_pool_3x3', 0), ('avg_pool_3x3', 'max_pool_3x3', 3)], reduce_concat=range(2, 6))\n",
      "01/18 10:49:29 AM genotype = Genotype(normal=[('avg_pool_3x3', 1), ('sep_conv_5x5', 0), ('sep_conv_5x5', 1), ('avg_pool_3x3', 2), ('avg_pool_3x3', 1), ('sep_conv_3x3', 2), ('dil_conv_3x3', 0), ('avg_pool_3x3', 2)], normal_concat=range(2, 6), reduce=[('max_pool_3x3', 0), ('avg_pool_3x3', 1), ('sep_conv_3x3', 1), ('sep_conv_3x3', 2), ('sep_conv_5x5', 1), ('dil_conv_3x3', 3), ('sep_conv_5x5', 2), ('dil_conv_3x3', 1)], reduce_concat=range(2, 6))\n",
      "tensor([[0.1250, 0.1250, 0.1250, 0.1250, 0.1250, 0.1251, 0.1250, 0.1249],\n",
      "        [0.1248, 0.1251, 0.1253, 0.1250, 0.1251, 0.1249, 0.1249, 0.1249],\n",
      "        [0.1250, 0.1250, 0.1250, 0.1251, 0.1249, 0.1250, 0.1247, 0.1252],\n",
      "        [0.1252, 0.1251, 0.1249, 0.1250, 0.1249, 0.1252, 0.1249, 0.1248],\n",
      "        [0.1251, 0.1250, 0.1252, 0.1251, 0.1249, 0.1251, 0.1248, 0.1249],\n",
      "        [0.1249, 0.1250, 0.1251, 0.1251, 0.1250, 0.1250, 0.1250, 0.1248],\n",
      "        [0.1250, 0.1251, 0.1253, 0.1250, 0.1249, 0.1248, 0.1250, 0.1250],\n",
      "        [0.1249, 0.1249, 0.1251, 0.1248, 0.1254, 0.1251, 0.1248, 0.1250],\n",
      "        [0.1250, 0.1251, 0.1252, 0.1249, 0.1250, 0.1248, 0.1251, 0.1249],\n",
      "        [0.1251, 0.1249, 0.1250, 0.1250, 0.1250, 0.1248, 0.1252, 0.1249],\n",
      "        [0.1249, 0.1249, 0.1251, 0.1251, 0.1250, 0.1251, 0.1251, 0.1249],\n",
      "        [0.1249, 0.1249, 0.1251, 0.1250, 0.1250, 0.1250, 0.1249, 0.1251],\n",
      "        [0.1250, 0.1249, 0.1252, 0.1249, 0.1250, 0.1250, 0.1249, 0.1252],\n",
      "        [0.1251, 0.1249, 0.1251, 0.1249, 0.1252, 0.1250, 0.1250, 0.1247]],\n",
      "       device='cuda:0', grad_fn=<SoftmaxBackward>)\n",
      "tensor([[0.1251, 0.1252, 0.1252, 0.1248, 0.1251, 0.1249, 0.1248, 0.1250],\n",
      "        [0.1249, 0.1250, 0.1252, 0.1250, 0.1251, 0.1248, 0.1250, 0.1249],\n",
      "        [0.1251, 0.1251, 0.1248, 0.1250, 0.1248, 0.1250, 0.1250, 0.1251],\n",
      "        [0.1247, 0.1250, 0.1251, 0.1252, 0.1253, 0.1250, 0.1249, 0.1249],\n",
      "        [0.1249, 0.1250, 0.1250, 0.1251, 0.1252, 0.1251, 0.1249, 0.1249],\n",
      "        [0.1251, 0.1250, 0.1249, 0.1249, 0.1250, 0.1251, 0.1251, 0.1250],\n",
      "        [0.1250, 0.1249, 0.1250, 0.1249, 0.1251, 0.1252, 0.1250, 0.1250],\n",
      "        [0.1251, 0.1252, 0.1250, 0.1248, 0.1249, 0.1251, 0.1249, 0.1250],\n",
      "        [0.1251, 0.1250, 0.1249, 0.1248, 0.1249, 0.1250, 0.1252, 0.1251],\n",
      "        [0.1250, 0.1249, 0.1250, 0.1250, 0.1250, 0.1249, 0.1252, 0.1250],\n",
      "        [0.1249, 0.1250, 0.1250, 0.1249, 0.1250, 0.1249, 0.1252, 0.1250],\n",
      "        [0.1253, 0.1250, 0.1250, 0.1249, 0.1248, 0.1252, 0.1249, 0.1250],\n",
      "        [0.1251, 0.1250, 0.1251, 0.1250, 0.1249, 0.1248, 0.1251, 0.1250],\n",
      "        [0.1252, 0.1250, 0.1249, 0.1250, 0.1250, 0.1249, 0.1250, 0.1250]],\n",
      "       device='cuda:0', grad_fn=<SoftmaxBackward>)\n",
      "tensor([0.3330, 0.3336, 0.3334], device='cuda:0', grad_fn=<SoftmaxBackward>)\n",
      "train_search.py:189: UserWarning: torch.nn.utils.clip_grad_norm is now deprecated in favor of torch.nn.utils.clip_grad_norm_.\n",
      "  nn.utils.clip_grad_norm(model.parameters(), args.grad_clip)\n",
      "01/18 10:49:33 AM train 000 2.322792e+00 8.593750 44.140625\n",
      "01/18 10:50:40 AM train 050 1.838093e+00 29.496017 83.371630\n",
      "01/18 10:51:44 AM train_acc 33.884000\n",
      "01/18 10:51:44 AM epoch 1 lr 9.990232e-02\n",
      "01/18 10:51:44 AM genotype_debug = Genotype(normal=[('avg_pool_3x3', 'max_pool_3x3', 1), ('sep_conv_5x5', 'skip_connect', 0), ('sep_conv_5x5', 'max_pool_3x3', 1), ('avg_pool_3x3', 'max_pool_3x3', 2), ('dil_conv_5x5', 'skip_connect', 0), ('avg_pool_3x3', 'max_pool_3x3', 1), ('sep_conv_3x3', 'avg_pool_3x3', 2), ('avg_pool_3x3', 'max_pool_3x3', 3), ('skip_connect', 'avg_pool_3x3', 0), ('dil_conv_3x3', 'avg_pool_3x3', 0), ('avg_pool_3x3', 'max_pool_3x3', 2), ('dil_conv_5x5', 'avg_pool_3x3', 3), ('skip_connect', 'avg_pool_3x3', 1), ('sep_conv_3x3', 'avg_pool_3x3', 4)], normal_concat=range(2, 6), reduce=[('max_pool_3x3', 'max_pool_3x3', 0), ('avg_pool_3x3', 'max_pool_3x3', 1), ('sep_conv_3x3', 'skip_connect', 1), ('sep_conv_3x3', 'skip_connect', 2), ('dil_conv_5x5', 'max_pool_3x3', 0), ('sep_conv_5x5', 'sep_conv_3x3', 1), ('dil_conv_3x3', 'max_pool_3x3', 3), ('max_pool_3x3', 'max_pool_3x3', 2), ('dil_conv_3x3', 'sep_conv_5x5', 0), ('sep_conv_5x5', 'avg_pool_3x3', 2), ('dil_conv_3x3', 'max_pool_3x3', 1), ('sep_conv_3x3', 'skip_connect', 4), ('dil_conv_3x3', 'avg_pool_3x3', 0), ('avg_pool_3x3', 'max_pool_3x3', 3)], reduce_concat=range(2, 6))\n",
      "01/18 10:51:44 AM genotype = Genotype(normal=[('avg_pool_3x3', 1), ('sep_conv_5x5', 0), ('sep_conv_5x5', 1), ('avg_pool_3x3', 2), ('avg_pool_3x3', 1), ('sep_conv_3x3', 2), ('dil_conv_3x3', 0), ('avg_pool_3x3', 2)], normal_concat=range(2, 6), reduce=[('max_pool_3x3', 0), ('avg_pool_3x3', 1), ('sep_conv_3x3', 1), ('sep_conv_3x3', 2), ('sep_conv_5x5', 1), ('dil_conv_3x3', 3), ('sep_conv_5x5', 2), ('dil_conv_3x3', 1)], reduce_concat=range(2, 6))\n",
      "tensor([[0.1250, 0.1250, 0.1250, 0.1250, 0.1250, 0.1251, 0.1250, 0.1249],\n",
      "        [0.1248, 0.1251, 0.1253, 0.1250, 0.1251, 0.1249, 0.1249, 0.1249],\n",
      "        [0.1250, 0.1250, 0.1250, 0.1251, 0.1249, 0.1250, 0.1247, 0.1252],\n",
      "        [0.1252, 0.1251, 0.1249, 0.1250, 0.1249, 0.1252, 0.1249, 0.1248],\n",
      "        [0.1251, 0.1250, 0.1252, 0.1251, 0.1249, 0.1251, 0.1248, 0.1249],\n",
      "        [0.1249, 0.1250, 0.1251, 0.1251, 0.1250, 0.1250, 0.1250, 0.1248],\n",
      "        [0.1250, 0.1251, 0.1253, 0.1250, 0.1249, 0.1248, 0.1250, 0.1250],\n",
      "        [0.1249, 0.1249, 0.1251, 0.1248, 0.1254, 0.1251, 0.1248, 0.1250],\n",
      "        [0.1250, 0.1251, 0.1252, 0.1249, 0.1250, 0.1248, 0.1251, 0.1249],\n",
      "        [0.1251, 0.1249, 0.1250, 0.1250, 0.1250, 0.1248, 0.1252, 0.1249],\n",
      "        [0.1249, 0.1249, 0.1251, 0.1251, 0.1250, 0.1251, 0.1251, 0.1249],\n",
      "        [0.1249, 0.1249, 0.1251, 0.1250, 0.1250, 0.1250, 0.1249, 0.1251],\n",
      "        [0.1250, 0.1249, 0.1252, 0.1249, 0.1250, 0.1250, 0.1249, 0.1252],\n",
      "        [0.1251, 0.1249, 0.1251, 0.1249, 0.1252, 0.1250, 0.1250, 0.1247]],\n",
      "       device='cuda:0', grad_fn=<SoftmaxBackward>)\n",
      "tensor([[0.1251, 0.1252, 0.1252, 0.1248, 0.1251, 0.1249, 0.1248, 0.1250],\n",
      "        [0.1249, 0.1250, 0.1252, 0.1250, 0.1251, 0.1248, 0.1250, 0.1249],\n",
      "        [0.1251, 0.1251, 0.1248, 0.1250, 0.1248, 0.1250, 0.1250, 0.1251],\n",
      "        [0.1247, 0.1250, 0.1251, 0.1252, 0.1253, 0.1250, 0.1249, 0.1249],\n",
      "        [0.1249, 0.1250, 0.1250, 0.1251, 0.1252, 0.1251, 0.1249, 0.1249],\n",
      "        [0.1251, 0.1250, 0.1249, 0.1249, 0.1250, 0.1251, 0.1251, 0.1250],\n",
      "        [0.1250, 0.1249, 0.1250, 0.1249, 0.1251, 0.1252, 0.1250, 0.1250],\n",
      "        [0.1251, 0.1252, 0.1250, 0.1248, 0.1249, 0.1251, 0.1249, 0.1250],\n",
      "        [0.1251, 0.1250, 0.1249, 0.1248, 0.1249, 0.1250, 0.1252, 0.1251],\n",
      "        [0.1250, 0.1249, 0.1250, 0.1250, 0.1250, 0.1249, 0.1252, 0.1250],\n",
      "        [0.1249, 0.1250, 0.1250, 0.1249, 0.1250, 0.1249, 0.1252, 0.1250],\n",
      "        [0.1253, 0.1250, 0.1250, 0.1249, 0.1248, 0.1252, 0.1249, 0.1250],\n",
      "        [0.1251, 0.1250, 0.1251, 0.1250, 0.1249, 0.1248, 0.1251, 0.1250],\n",
      "        [0.1252, 0.1250, 0.1249, 0.1250, 0.1250, 0.1249, 0.1250, 0.1250]],\n",
      "       device='cuda:0', grad_fn=<SoftmaxBackward>)\n",
      "tensor([0.3330, 0.3336, 0.3334], device='cuda:0', grad_fn=<SoftmaxBackward>)\n"
     ]
    },
    {
     "name": "stdout",
     "output_type": "stream",
     "text": [
      "01/18 10:51:47 AM train 000 1.468871e+00 55.078125 92.578125\n",
      "01/18 10:52:53 AM train 050 1.475559e+00 44.929534 92.348346\n",
      "01/18 10:53:55 AM train_acc 47.484000\n",
      "01/18 10:53:56 AM epoch 2 lr 9.960968e-02\n",
      "01/18 10:53:56 AM genotype_debug = Genotype(normal=[('avg_pool_3x3', 'max_pool_3x3', 1), ('sep_conv_5x5', 'skip_connect', 0), ('sep_conv_5x5', 'max_pool_3x3', 1), ('avg_pool_3x3', 'max_pool_3x3', 2), ('dil_conv_5x5', 'skip_connect', 0), ('avg_pool_3x3', 'max_pool_3x3', 1), ('sep_conv_3x3', 'avg_pool_3x3', 2), ('avg_pool_3x3', 'max_pool_3x3', 3), ('skip_connect', 'avg_pool_3x3', 0), ('dil_conv_3x3', 'avg_pool_3x3', 0), ('avg_pool_3x3', 'max_pool_3x3', 2), ('dil_conv_5x5', 'avg_pool_3x3', 3), ('skip_connect', 'avg_pool_3x3', 1), ('sep_conv_3x3', 'avg_pool_3x3', 4)], normal_concat=range(2, 6), reduce=[('max_pool_3x3', 'max_pool_3x3', 0), ('avg_pool_3x3', 'max_pool_3x3', 1), ('sep_conv_3x3', 'skip_connect', 1), ('sep_conv_3x3', 'skip_connect', 2), ('dil_conv_5x5', 'max_pool_3x3', 0), ('sep_conv_5x5', 'sep_conv_3x3', 1), ('dil_conv_3x3', 'max_pool_3x3', 3), ('max_pool_3x3', 'max_pool_3x3', 2), ('dil_conv_3x3', 'sep_conv_5x5', 0), ('sep_conv_5x5', 'avg_pool_3x3', 2), ('dil_conv_3x3', 'max_pool_3x3', 1), ('sep_conv_3x3', 'skip_connect', 4), ('dil_conv_3x3', 'avg_pool_3x3', 0), ('avg_pool_3x3', 'max_pool_3x3', 3)], reduce_concat=range(2, 6))\n",
      "01/18 10:53:56 AM genotype = Genotype(normal=[('avg_pool_3x3', 1), ('sep_conv_5x5', 0), ('sep_conv_5x5', 1), ('avg_pool_3x3', 2), ('avg_pool_3x3', 1), ('sep_conv_3x3', 2), ('dil_conv_3x3', 0), ('avg_pool_3x3', 2)], normal_concat=range(2, 6), reduce=[('max_pool_3x3', 0), ('avg_pool_3x3', 1), ('sep_conv_3x3', 1), ('sep_conv_3x3', 2), ('sep_conv_5x5', 1), ('dil_conv_3x3', 3), ('sep_conv_5x5', 2), ('dil_conv_3x3', 1)], reduce_concat=range(2, 6))\n",
      "tensor([[0.1250, 0.1250, 0.1250, 0.1250, 0.1250, 0.1251, 0.1250, 0.1249],\n",
      "        [0.1248, 0.1251, 0.1253, 0.1250, 0.1251, 0.1249, 0.1249, 0.1249],\n",
      "        [0.1250, 0.1250, 0.1250, 0.1251, 0.1249, 0.1250, 0.1247, 0.1252],\n",
      "        [0.1252, 0.1251, 0.1249, 0.1250, 0.1249, 0.1252, 0.1249, 0.1248],\n",
      "        [0.1251, 0.1250, 0.1252, 0.1251, 0.1249, 0.1251, 0.1248, 0.1249],\n",
      "        [0.1249, 0.1250, 0.1251, 0.1251, 0.1250, 0.1250, 0.1250, 0.1248],\n",
      "        [0.1250, 0.1251, 0.1253, 0.1250, 0.1249, 0.1248, 0.1250, 0.1250],\n",
      "        [0.1249, 0.1249, 0.1251, 0.1248, 0.1254, 0.1251, 0.1248, 0.1250],\n",
      "        [0.1250, 0.1251, 0.1252, 0.1249, 0.1250, 0.1248, 0.1251, 0.1249],\n",
      "        [0.1251, 0.1249, 0.1250, 0.1250, 0.1250, 0.1248, 0.1252, 0.1249],\n",
      "        [0.1249, 0.1249, 0.1251, 0.1251, 0.1250, 0.1251, 0.1251, 0.1249],\n",
      "        [0.1249, 0.1249, 0.1251, 0.1250, 0.1250, 0.1250, 0.1249, 0.1251],\n",
      "        [0.1250, 0.1249, 0.1252, 0.1249, 0.1250, 0.1250, 0.1249, 0.1252],\n",
      "        [0.1251, 0.1249, 0.1251, 0.1249, 0.1252, 0.1250, 0.1250, 0.1247]],\n",
      "       device='cuda:0', grad_fn=<SoftmaxBackward>)\n",
      "tensor([[0.1251, 0.1252, 0.1252, 0.1248, 0.1251, 0.1249, 0.1248, 0.1250],\n",
      "        [0.1249, 0.1250, 0.1252, 0.1250, 0.1251, 0.1248, 0.1250, 0.1249],\n",
      "        [0.1251, 0.1251, 0.1248, 0.1250, 0.1248, 0.1250, 0.1250, 0.1251],\n",
      "        [0.1247, 0.1250, 0.1251, 0.1252, 0.1253, 0.1250, 0.1249, 0.1249],\n",
      "        [0.1249, 0.1250, 0.1250, 0.1251, 0.1252, 0.1251, 0.1249, 0.1249],\n",
      "        [0.1251, 0.1250, 0.1249, 0.1249, 0.1250, 0.1251, 0.1251, 0.1250],\n",
      "        [0.1250, 0.1249, 0.1250, 0.1249, 0.1251, 0.1252, 0.1250, 0.1250],\n",
      "        [0.1251, 0.1252, 0.1250, 0.1248, 0.1249, 0.1251, 0.1249, 0.1250],\n",
      "        [0.1251, 0.1250, 0.1249, 0.1248, 0.1249, 0.1250, 0.1252, 0.1251],\n",
      "        [0.1250, 0.1249, 0.1250, 0.1250, 0.1250, 0.1249, 0.1252, 0.1250],\n",
      "        [0.1249, 0.1250, 0.1250, 0.1249, 0.1250, 0.1249, 0.1252, 0.1250],\n",
      "        [0.1253, 0.1250, 0.1250, 0.1249, 0.1248, 0.1252, 0.1249, 0.1250],\n",
      "        [0.1251, 0.1250, 0.1251, 0.1250, 0.1249, 0.1248, 0.1251, 0.1250],\n",
      "        [0.1252, 0.1250, 0.1249, 0.1250, 0.1250, 0.1249, 0.1250, 0.1250]],\n",
      "       device='cuda:0', grad_fn=<SoftmaxBackward>)\n",
      "tensor([0.3330, 0.3336, 0.3334], device='cuda:0', grad_fn=<SoftmaxBackward>)\n",
      "01/18 10:53:57 AM train 000 1.395865e+00 45.703125 92.187500\n",
      "01/18 10:55:04 AM train 050 1.285869e+00 53.002451 94.646140\n",
      "01/18 10:56:06 AM train_acc 54.536000\n",
      "01/18 10:56:06 AM epoch 3 lr 9.912322e-02\n",
      "01/18 10:56:06 AM genotype_debug = Genotype(normal=[('avg_pool_3x3', 'max_pool_3x3', 1), ('sep_conv_5x5', 'skip_connect', 0), ('sep_conv_5x5', 'max_pool_3x3', 1), ('avg_pool_3x3', 'max_pool_3x3', 2), ('dil_conv_5x5', 'skip_connect', 0), ('avg_pool_3x3', 'max_pool_3x3', 1), ('sep_conv_3x3', 'avg_pool_3x3', 2), ('avg_pool_3x3', 'max_pool_3x3', 3), ('skip_connect', 'avg_pool_3x3', 0), ('dil_conv_3x3', 'avg_pool_3x3', 0), ('avg_pool_3x3', 'max_pool_3x3', 2), ('dil_conv_5x5', 'avg_pool_3x3', 3), ('skip_connect', 'avg_pool_3x3', 1), ('sep_conv_3x3', 'avg_pool_3x3', 4)], normal_concat=range(2, 6), reduce=[('max_pool_3x3', 'max_pool_3x3', 0), ('avg_pool_3x3', 'max_pool_3x3', 1), ('sep_conv_3x3', 'skip_connect', 1), ('sep_conv_3x3', 'skip_connect', 2), ('dil_conv_5x5', 'max_pool_3x3', 0), ('sep_conv_5x5', 'sep_conv_3x3', 1), ('dil_conv_3x3', 'max_pool_3x3', 3), ('max_pool_3x3', 'max_pool_3x3', 2), ('dil_conv_3x3', 'sep_conv_5x5', 0), ('sep_conv_5x5', 'avg_pool_3x3', 2), ('dil_conv_3x3', 'max_pool_3x3', 1), ('sep_conv_3x3', 'skip_connect', 4), ('dil_conv_3x3', 'avg_pool_3x3', 0), ('avg_pool_3x3', 'max_pool_3x3', 3)], reduce_concat=range(2, 6))\n",
      "01/18 10:56:06 AM genotype = Genotype(normal=[('avg_pool_3x3', 1), ('sep_conv_5x5', 0), ('sep_conv_5x5', 1), ('avg_pool_3x3', 2), ('avg_pool_3x3', 1), ('sep_conv_3x3', 2), ('dil_conv_3x3', 0), ('avg_pool_3x3', 2)], normal_concat=range(2, 6), reduce=[('max_pool_3x3', 0), ('avg_pool_3x3', 1), ('sep_conv_3x3', 1), ('sep_conv_3x3', 2), ('sep_conv_5x5', 1), ('dil_conv_3x3', 3), ('sep_conv_5x5', 2), ('dil_conv_3x3', 1)], reduce_concat=range(2, 6))\n",
      "tensor([[0.1250, 0.1250, 0.1250, 0.1250, 0.1250, 0.1251, 0.1250, 0.1249],\n",
      "        [0.1248, 0.1251, 0.1253, 0.1250, 0.1251, 0.1249, 0.1249, 0.1249],\n",
      "        [0.1250, 0.1250, 0.1250, 0.1251, 0.1249, 0.1250, 0.1247, 0.1252],\n",
      "        [0.1252, 0.1251, 0.1249, 0.1250, 0.1249, 0.1252, 0.1249, 0.1248],\n",
      "        [0.1251, 0.1250, 0.1252, 0.1251, 0.1249, 0.1251, 0.1248, 0.1249],\n",
      "        [0.1249, 0.1250, 0.1251, 0.1251, 0.1250, 0.1250, 0.1250, 0.1248],\n",
      "        [0.1250, 0.1251, 0.1253, 0.1250, 0.1249, 0.1248, 0.1250, 0.1250],\n",
      "        [0.1249, 0.1249, 0.1251, 0.1248, 0.1254, 0.1251, 0.1248, 0.1250],\n",
      "        [0.1250, 0.1251, 0.1252, 0.1249, 0.1250, 0.1248, 0.1251, 0.1249],\n",
      "        [0.1251, 0.1249, 0.1250, 0.1250, 0.1250, 0.1248, 0.1252, 0.1249],\n",
      "        [0.1249, 0.1249, 0.1251, 0.1251, 0.1250, 0.1251, 0.1251, 0.1249],\n",
      "        [0.1249, 0.1249, 0.1251, 0.1250, 0.1250, 0.1250, 0.1249, 0.1251],\n",
      "        [0.1250, 0.1249, 0.1252, 0.1249, 0.1250, 0.1250, 0.1249, 0.1252],\n",
      "        [0.1251, 0.1249, 0.1251, 0.1249, 0.1252, 0.1250, 0.1250, 0.1247]],\n",
      "       device='cuda:0', grad_fn=<SoftmaxBackward>)\n",
      "tensor([[0.1251, 0.1252, 0.1252, 0.1248, 0.1251, 0.1249, 0.1248, 0.1250],\n",
      "        [0.1249, 0.1250, 0.1252, 0.1250, 0.1251, 0.1248, 0.1250, 0.1249],\n",
      "        [0.1251, 0.1251, 0.1248, 0.1250, 0.1248, 0.1250, 0.1250, 0.1251],\n",
      "        [0.1247, 0.1250, 0.1251, 0.1252, 0.1253, 0.1250, 0.1249, 0.1249],\n",
      "        [0.1249, 0.1250, 0.1250, 0.1251, 0.1252, 0.1251, 0.1249, 0.1249],\n",
      "        [0.1251, 0.1250, 0.1249, 0.1249, 0.1250, 0.1251, 0.1251, 0.1250],\n",
      "        [0.1250, 0.1249, 0.1250, 0.1249, 0.1251, 0.1252, 0.1250, 0.1250],\n",
      "        [0.1251, 0.1252, 0.1250, 0.1248, 0.1249, 0.1251, 0.1249, 0.1250],\n",
      "        [0.1251, 0.1250, 0.1249, 0.1248, 0.1249, 0.1250, 0.1252, 0.1251],\n",
      "        [0.1250, 0.1249, 0.1250, 0.1250, 0.1250, 0.1249, 0.1252, 0.1250],\n",
      "        [0.1249, 0.1250, 0.1250, 0.1249, 0.1250, 0.1249, 0.1252, 0.1250],\n",
      "        [0.1253, 0.1250, 0.1250, 0.1249, 0.1248, 0.1252, 0.1249, 0.1250],\n",
      "        [0.1251, 0.1250, 0.1251, 0.1250, 0.1249, 0.1248, 0.1251, 0.1250],\n",
      "        [0.1252, 0.1250, 0.1249, 0.1250, 0.1250, 0.1249, 0.1250, 0.1250]],\n",
      "       device='cuda:0', grad_fn=<SoftmaxBackward>)\n",
      "tensor([0.3330, 0.3336, 0.3334], device='cuda:0', grad_fn=<SoftmaxBackward>)\n",
      "01/18 10:56:08 AM train 000 1.082228e+00 63.281250 94.921875\n",
      "01/18 10:57:15 AM train 050 1.131775e+00 59.091605 95.802696\n"
     ]
    },
    {
     "name": "stdout",
     "output_type": "stream",
     "text": [
      "01/18 10:58:17 AM train_acc 59.148000\n",
      "01/18 10:58:17 AM epoch 4 lr 9.844487e-02\n",
      "01/18 10:58:17 AM genotype_debug = Genotype(normal=[('avg_pool_3x3', 'max_pool_3x3', 1), ('sep_conv_5x5', 'skip_connect', 0), ('sep_conv_5x5', 'max_pool_3x3', 1), ('avg_pool_3x3', 'max_pool_3x3', 2), ('dil_conv_5x5', 'skip_connect', 0), ('avg_pool_3x3', 'max_pool_3x3', 1), ('sep_conv_3x3', 'avg_pool_3x3', 2), ('avg_pool_3x3', 'max_pool_3x3', 3), ('skip_connect', 'avg_pool_3x3', 0), ('dil_conv_3x3', 'avg_pool_3x3', 0), ('avg_pool_3x3', 'max_pool_3x3', 2), ('dil_conv_5x5', 'avg_pool_3x3', 3), ('skip_connect', 'avg_pool_3x3', 1), ('sep_conv_3x3', 'avg_pool_3x3', 4)], normal_concat=range(2, 6), reduce=[('max_pool_3x3', 'max_pool_3x3', 0), ('avg_pool_3x3', 'max_pool_3x3', 1), ('sep_conv_3x3', 'skip_connect', 1), ('sep_conv_3x3', 'skip_connect', 2), ('dil_conv_5x5', 'max_pool_3x3', 0), ('sep_conv_5x5', 'sep_conv_3x3', 1), ('dil_conv_3x3', 'max_pool_3x3', 3), ('max_pool_3x3', 'max_pool_3x3', 2), ('dil_conv_3x3', 'sep_conv_5x5', 0), ('sep_conv_5x5', 'avg_pool_3x3', 2), ('dil_conv_3x3', 'max_pool_3x3', 1), ('sep_conv_3x3', 'skip_connect', 4), ('dil_conv_3x3', 'avg_pool_3x3', 0), ('avg_pool_3x3', 'max_pool_3x3', 3)], reduce_concat=range(2, 6))\n",
      "01/18 10:58:17 AM genotype = Genotype(normal=[('avg_pool_3x3', 1), ('sep_conv_5x5', 0), ('sep_conv_5x5', 1), ('avg_pool_3x3', 2), ('avg_pool_3x3', 1), ('sep_conv_3x3', 2), ('dil_conv_3x3', 0), ('avg_pool_3x3', 2)], normal_concat=range(2, 6), reduce=[('max_pool_3x3', 0), ('avg_pool_3x3', 1), ('sep_conv_3x3', 1), ('sep_conv_3x3', 2), ('sep_conv_5x5', 1), ('dil_conv_3x3', 3), ('sep_conv_5x5', 2), ('dil_conv_3x3', 1)], reduce_concat=range(2, 6))\n",
      "tensor([[0.1250, 0.1250, 0.1250, 0.1250, 0.1250, 0.1251, 0.1250, 0.1249],\n",
      "        [0.1248, 0.1251, 0.1253, 0.1250, 0.1251, 0.1249, 0.1249, 0.1249],\n",
      "        [0.1250, 0.1250, 0.1250, 0.1251, 0.1249, 0.1250, 0.1247, 0.1252],\n",
      "        [0.1252, 0.1251, 0.1249, 0.1250, 0.1249, 0.1252, 0.1249, 0.1248],\n",
      "        [0.1251, 0.1250, 0.1252, 0.1251, 0.1249, 0.1251, 0.1248, 0.1249],\n",
      "        [0.1249, 0.1250, 0.1251, 0.1251, 0.1250, 0.1250, 0.1250, 0.1248],\n",
      "        [0.1250, 0.1251, 0.1253, 0.1250, 0.1249, 0.1248, 0.1250, 0.1250],\n",
      "        [0.1249, 0.1249, 0.1251, 0.1248, 0.1254, 0.1251, 0.1248, 0.1250],\n",
      "        [0.1250, 0.1251, 0.1252, 0.1249, 0.1250, 0.1248, 0.1251, 0.1249],\n",
      "        [0.1251, 0.1249, 0.1250, 0.1250, 0.1250, 0.1248, 0.1252, 0.1249],\n",
      "        [0.1249, 0.1249, 0.1251, 0.1251, 0.1250, 0.1251, 0.1251, 0.1249],\n",
      "        [0.1249, 0.1249, 0.1251, 0.1250, 0.1250, 0.1250, 0.1249, 0.1251],\n",
      "        [0.1250, 0.1249, 0.1252, 0.1249, 0.1250, 0.1250, 0.1249, 0.1252],\n",
      "        [0.1251, 0.1249, 0.1251, 0.1249, 0.1252, 0.1250, 0.1250, 0.1247]],\n",
      "       device='cuda:0', grad_fn=<SoftmaxBackward>)\n",
      "tensor([[0.1251, 0.1252, 0.1252, 0.1248, 0.1251, 0.1249, 0.1248, 0.1250],\n",
      "        [0.1249, 0.1250, 0.1252, 0.1250, 0.1251, 0.1248, 0.1250, 0.1249],\n",
      "        [0.1251, 0.1251, 0.1248, 0.1250, 0.1248, 0.1250, 0.1250, 0.1251],\n",
      "        [0.1247, 0.1250, 0.1251, 0.1252, 0.1253, 0.1250, 0.1249, 0.1249],\n",
      "        [0.1249, 0.1250, 0.1250, 0.1251, 0.1252, 0.1251, 0.1249, 0.1249],\n",
      "        [0.1251, 0.1250, 0.1249, 0.1249, 0.1250, 0.1251, 0.1251, 0.1250],\n",
      "        [0.1250, 0.1249, 0.1250, 0.1249, 0.1251, 0.1252, 0.1250, 0.1250],\n",
      "        [0.1251, 0.1252, 0.1250, 0.1248, 0.1249, 0.1251, 0.1249, 0.1250],\n",
      "        [0.1251, 0.1250, 0.1249, 0.1248, 0.1249, 0.1250, 0.1252, 0.1251],\n",
      "        [0.1250, 0.1249, 0.1250, 0.1250, 0.1250, 0.1249, 0.1252, 0.1250],\n",
      "        [0.1249, 0.1250, 0.1250, 0.1249, 0.1250, 0.1249, 0.1252, 0.1250],\n",
      "        [0.1253, 0.1250, 0.1250, 0.1249, 0.1248, 0.1252, 0.1249, 0.1250],\n",
      "        [0.1251, 0.1250, 0.1251, 0.1250, 0.1249, 0.1248, 0.1251, 0.1250],\n",
      "        [0.1252, 0.1250, 0.1249, 0.1250, 0.1250, 0.1249, 0.1250, 0.1250]],\n",
      "       device='cuda:0', grad_fn=<SoftmaxBackward>)\n",
      "tensor([0.3330, 0.3336, 0.3334], device='cuda:0', grad_fn=<SoftmaxBackward>)\n",
      "01/18 10:58:19 AM train 000 1.107237e+00 62.109375 94.531250\n",
      "01/18 10:59:25 AM train 050 1.056505e+00 61.657475 96.484375\n",
      "01/18 11:00:27 AM train_acc 62.308000\n",
      "01/18 11:00:27 AM epoch 5 lr 9.757730e-02\n",
      "01/18 11:00:27 AM genotype_debug = Genotype(normal=[('avg_pool_3x3', 'max_pool_3x3', 1), ('sep_conv_5x5', 'skip_connect', 0), ('sep_conv_5x5', 'max_pool_3x3', 1), ('avg_pool_3x3', 'max_pool_3x3', 2), ('dil_conv_5x5', 'skip_connect', 0), ('avg_pool_3x3', 'max_pool_3x3', 1), ('sep_conv_3x3', 'avg_pool_3x3', 2), ('avg_pool_3x3', 'max_pool_3x3', 3), ('skip_connect', 'avg_pool_3x3', 0), ('dil_conv_3x3', 'avg_pool_3x3', 0), ('avg_pool_3x3', 'max_pool_3x3', 2), ('dil_conv_5x5', 'avg_pool_3x3', 3), ('skip_connect', 'avg_pool_3x3', 1), ('sep_conv_3x3', 'avg_pool_3x3', 4)], normal_concat=range(2, 6), reduce=[('max_pool_3x3', 'max_pool_3x3', 0), ('avg_pool_3x3', 'max_pool_3x3', 1), ('sep_conv_3x3', 'skip_connect', 1), ('sep_conv_3x3', 'skip_connect', 2), ('dil_conv_5x5', 'max_pool_3x3', 0), ('sep_conv_5x5', 'sep_conv_3x3', 1), ('dil_conv_3x3', 'max_pool_3x3', 3), ('max_pool_3x3', 'max_pool_3x3', 2), ('dil_conv_3x3', 'sep_conv_5x5', 0), ('sep_conv_5x5', 'avg_pool_3x3', 2), ('dil_conv_3x3', 'max_pool_3x3', 1), ('sep_conv_3x3', 'skip_connect', 4), ('dil_conv_3x3', 'avg_pool_3x3', 0), ('avg_pool_3x3', 'max_pool_3x3', 3)], reduce_concat=range(2, 6))\n",
      "01/18 11:00:27 AM genotype = Genotype(normal=[('avg_pool_3x3', 1), ('sep_conv_5x5', 0), ('sep_conv_5x5', 1), ('avg_pool_3x3', 2), ('avg_pool_3x3', 1), ('sep_conv_3x3', 2), ('dil_conv_3x3', 0), ('avg_pool_3x3', 2)], normal_concat=range(2, 6), reduce=[('max_pool_3x3', 0), ('avg_pool_3x3', 1), ('sep_conv_3x3', 1), ('sep_conv_3x3', 2), ('sep_conv_5x5', 1), ('dil_conv_3x3', 3), ('sep_conv_5x5', 2), ('dil_conv_3x3', 1)], reduce_concat=range(2, 6))\n",
      "tensor([[0.1250, 0.1250, 0.1250, 0.1250, 0.1250, 0.1251, 0.1250, 0.1249],\n",
      "        [0.1248, 0.1251, 0.1253, 0.1250, 0.1251, 0.1249, 0.1249, 0.1249],\n",
      "        [0.1250, 0.1250, 0.1250, 0.1251, 0.1249, 0.1250, 0.1247, 0.1252],\n",
      "        [0.1252, 0.1251, 0.1249, 0.1250, 0.1249, 0.1252, 0.1249, 0.1248],\n",
      "        [0.1251, 0.1250, 0.1252, 0.1251, 0.1249, 0.1251, 0.1248, 0.1249],\n",
      "        [0.1249, 0.1250, 0.1251, 0.1251, 0.1250, 0.1250, 0.1250, 0.1248],\n",
      "        [0.1250, 0.1251, 0.1253, 0.1250, 0.1249, 0.1248, 0.1250, 0.1250],\n",
      "        [0.1249, 0.1249, 0.1251, 0.1248, 0.1254, 0.1251, 0.1248, 0.1250],\n",
      "        [0.1250, 0.1251, 0.1252, 0.1249, 0.1250, 0.1248, 0.1251, 0.1249],\n",
      "        [0.1251, 0.1249, 0.1250, 0.1250, 0.1250, 0.1248, 0.1252, 0.1249],\n",
      "        [0.1249, 0.1249, 0.1251, 0.1251, 0.1250, 0.1251, 0.1251, 0.1249],\n",
      "        [0.1249, 0.1249, 0.1251, 0.1250, 0.1250, 0.1250, 0.1249, 0.1251],\n",
      "        [0.1250, 0.1249, 0.1252, 0.1249, 0.1250, 0.1250, 0.1249, 0.1252],\n",
      "        [0.1251, 0.1249, 0.1251, 0.1249, 0.1252, 0.1250, 0.1250, 0.1247]],\n",
      "       device='cuda:0', grad_fn=<SoftmaxBackward>)\n",
      "tensor([[0.1251, 0.1252, 0.1252, 0.1248, 0.1251, 0.1249, 0.1248, 0.1250],\n",
      "        [0.1249, 0.1250, 0.1252, 0.1250, 0.1251, 0.1248, 0.1250, 0.1249],\n",
      "        [0.1251, 0.1251, 0.1248, 0.1250, 0.1248, 0.1250, 0.1250, 0.1251],\n",
      "        [0.1247, 0.1250, 0.1251, 0.1252, 0.1253, 0.1250, 0.1249, 0.1249],\n",
      "        [0.1249, 0.1250, 0.1250, 0.1251, 0.1252, 0.1251, 0.1249, 0.1249],\n",
      "        [0.1251, 0.1250, 0.1249, 0.1249, 0.1250, 0.1251, 0.1251, 0.1250],\n",
      "        [0.1250, 0.1249, 0.1250, 0.1249, 0.1251, 0.1252, 0.1250, 0.1250],\n",
      "        [0.1251, 0.1252, 0.1250, 0.1248, 0.1249, 0.1251, 0.1249, 0.1250],\n",
      "        [0.1251, 0.1250, 0.1249, 0.1248, 0.1249, 0.1250, 0.1252, 0.1251],\n",
      "        [0.1250, 0.1249, 0.1250, 0.1250, 0.1250, 0.1249, 0.1252, 0.1250],\n",
      "        [0.1249, 0.1250, 0.1250, 0.1249, 0.1250, 0.1249, 0.1252, 0.1250],\n",
      "        [0.1253, 0.1250, 0.1250, 0.1249, 0.1248, 0.1252, 0.1249, 0.1250],\n",
      "        [0.1251, 0.1250, 0.1251, 0.1250, 0.1249, 0.1248, 0.1251, 0.1250],\n",
      "        [0.1252, 0.1250, 0.1249, 0.1250, 0.1250, 0.1249, 0.1250, 0.1250]],\n",
      "       device='cuda:0', grad_fn=<SoftmaxBackward>)\n",
      "tensor([0.3330, 0.3336, 0.3334], device='cuda:0', grad_fn=<SoftmaxBackward>)\n",
      "01/18 11:00:29 AM train 000 1.005740e+00 62.109375 96.875000\n",
      "01/18 11:01:36 AM train 050 9.940553e-01 64.414828 97.127757\n",
      "01/18 11:02:38 AM train_acc 64.584000\n",
      "01/18 11:02:38 AM epoch 6 lr 9.652394e-02\n",
      "01/18 11:02:38 AM genotype_debug = Genotype(normal=[('avg_pool_3x3', 'max_pool_3x3', 1), ('sep_conv_5x5', 'skip_connect', 0), ('sep_conv_5x5', 'max_pool_3x3', 1), ('avg_pool_3x3', 'max_pool_3x3', 2), ('dil_conv_5x5', 'skip_connect', 0), ('avg_pool_3x3', 'max_pool_3x3', 1), ('sep_conv_3x3', 'avg_pool_3x3', 2), ('avg_pool_3x3', 'max_pool_3x3', 3), ('skip_connect', 'avg_pool_3x3', 0), ('dil_conv_3x3', 'avg_pool_3x3', 0), ('avg_pool_3x3', 'max_pool_3x3', 2), ('dil_conv_5x5', 'avg_pool_3x3', 3), ('skip_connect', 'avg_pool_3x3', 1), ('sep_conv_3x3', 'avg_pool_3x3', 4)], normal_concat=range(2, 6), reduce=[('max_pool_3x3', 'max_pool_3x3', 0), ('avg_pool_3x3', 'max_pool_3x3', 1), ('sep_conv_3x3', 'skip_connect', 1), ('sep_conv_3x3', 'skip_connect', 2), ('dil_conv_5x5', 'max_pool_3x3', 0), ('sep_conv_5x5', 'sep_conv_3x3', 1), ('dil_conv_3x3', 'max_pool_3x3', 3), ('max_pool_3x3', 'max_pool_3x3', 2), ('dil_conv_3x3', 'sep_conv_5x5', 0), ('sep_conv_5x5', 'avg_pool_3x3', 2), ('dil_conv_3x3', 'max_pool_3x3', 1), ('sep_conv_3x3', 'skip_connect', 4), ('dil_conv_3x3', 'avg_pool_3x3', 0), ('avg_pool_3x3', 'max_pool_3x3', 3)], reduce_concat=range(2, 6))\n",
      "01/18 11:02:38 AM genotype = Genotype(normal=[('avg_pool_3x3', 1), ('sep_conv_5x5', 0), ('sep_conv_5x5', 1), ('avg_pool_3x3', 2), ('avg_pool_3x3', 1), ('sep_conv_3x3', 2), ('dil_conv_3x3', 0), ('avg_pool_3x3', 2)], normal_concat=range(2, 6), reduce=[('max_pool_3x3', 0), ('avg_pool_3x3', 1), ('sep_conv_3x3', 1), ('sep_conv_3x3', 2), ('sep_conv_5x5', 1), ('dil_conv_3x3', 3), ('sep_conv_5x5', 2), ('dil_conv_3x3', 1)], reduce_concat=range(2, 6))\n",
      "tensor([[0.1250, 0.1250, 0.1250, 0.1250, 0.1250, 0.1251, 0.1250, 0.1249],\n",
      "        [0.1248, 0.1251, 0.1253, 0.1250, 0.1251, 0.1249, 0.1249, 0.1249],\n",
      "        [0.1250, 0.1250, 0.1250, 0.1251, 0.1249, 0.1250, 0.1247, 0.1252],\n",
      "        [0.1252, 0.1251, 0.1249, 0.1250, 0.1249, 0.1252, 0.1249, 0.1248],\n",
      "        [0.1251, 0.1250, 0.1252, 0.1251, 0.1249, 0.1251, 0.1248, 0.1249],\n",
      "        [0.1249, 0.1250, 0.1251, 0.1251, 0.1250, 0.1250, 0.1250, 0.1248],\n",
      "        [0.1250, 0.1251, 0.1253, 0.1250, 0.1249, 0.1248, 0.1250, 0.1250],\n",
      "        [0.1249, 0.1249, 0.1251, 0.1248, 0.1254, 0.1251, 0.1248, 0.1250],\n",
      "        [0.1250, 0.1251, 0.1252, 0.1249, 0.1250, 0.1248, 0.1251, 0.1249],\n",
      "        [0.1251, 0.1249, 0.1250, 0.1250, 0.1250, 0.1248, 0.1252, 0.1249],\n",
      "        [0.1249, 0.1249, 0.1251, 0.1251, 0.1250, 0.1251, 0.1251, 0.1249],\n",
      "        [0.1249, 0.1249, 0.1251, 0.1250, 0.1250, 0.1250, 0.1249, 0.1251],\n",
      "        [0.1250, 0.1249, 0.1252, 0.1249, 0.1250, 0.1250, 0.1249, 0.1252],\n",
      "        [0.1251, 0.1249, 0.1251, 0.1249, 0.1252, 0.1250, 0.1250, 0.1247]],\n",
      "       device='cuda:0', grad_fn=<SoftmaxBackward>)\n",
      "tensor([[0.1251, 0.1252, 0.1252, 0.1248, 0.1251, 0.1249, 0.1248, 0.1250],\n",
      "        [0.1249, 0.1250, 0.1252, 0.1250, 0.1251, 0.1248, 0.1250, 0.1249],\n",
      "        [0.1251, 0.1251, 0.1248, 0.1250, 0.1248, 0.1250, 0.1250, 0.1251],\n",
      "        [0.1247, 0.1250, 0.1251, 0.1252, 0.1253, 0.1250, 0.1249, 0.1249],\n",
      "        [0.1249, 0.1250, 0.1250, 0.1251, 0.1252, 0.1251, 0.1249, 0.1249],\n",
      "        [0.1251, 0.1250, 0.1249, 0.1249, 0.1250, 0.1251, 0.1251, 0.1250],\n",
      "        [0.1250, 0.1249, 0.1250, 0.1249, 0.1251, 0.1252, 0.1250, 0.1250],\n",
      "        [0.1251, 0.1252, 0.1250, 0.1248, 0.1249, 0.1251, 0.1249, 0.1250],\n",
      "        [0.1251, 0.1250, 0.1249, 0.1248, 0.1249, 0.1250, 0.1252, 0.1251],\n",
      "        [0.1250, 0.1249, 0.1250, 0.1250, 0.1250, 0.1249, 0.1252, 0.1250],\n",
      "        [0.1249, 0.1250, 0.1250, 0.1249, 0.1250, 0.1249, 0.1252, 0.1250],\n",
      "        [0.1253, 0.1250, 0.1250, 0.1249, 0.1248, 0.1252, 0.1249, 0.1250],\n",
      "        [0.1251, 0.1250, 0.1251, 0.1250, 0.1249, 0.1248, 0.1251, 0.1250],\n",
      "        [0.1252, 0.1250, 0.1249, 0.1250, 0.1250, 0.1249, 0.1250, 0.1250]],\n",
      "       device='cuda:0', grad_fn=<SoftmaxBackward>)\n",
      "tensor([0.3330, 0.3336, 0.3334], device='cuda:0', grad_fn=<SoftmaxBackward>)\n"
     ]
    },
    {
     "name": "stdout",
     "output_type": "stream",
     "text": [
      "01/18 11:02:40 AM train 000 9.632194e-01 66.406250 95.703125\n",
      "01/18 11:03:47 AM train 050 9.421166e-01 66.253064 97.388174\n",
      "01/18 11:04:49 AM train_acc 66.656000\n",
      "01/18 11:04:49 AM epoch 7 lr 9.528894e-02\n",
      "01/18 11:04:49 AM genotype_debug = Genotype(normal=[('avg_pool_3x3', 'max_pool_3x3', 1), ('sep_conv_5x5', 'skip_connect', 0), ('sep_conv_5x5', 'max_pool_3x3', 1), ('avg_pool_3x3', 'max_pool_3x3', 2), ('dil_conv_5x5', 'skip_connect', 0), ('avg_pool_3x3', 'max_pool_3x3', 1), ('sep_conv_3x3', 'avg_pool_3x3', 2), ('avg_pool_3x3', 'max_pool_3x3', 3), ('skip_connect', 'avg_pool_3x3', 0), ('dil_conv_3x3', 'avg_pool_3x3', 0), ('avg_pool_3x3', 'max_pool_3x3', 2), ('dil_conv_5x5', 'avg_pool_3x3', 3), ('skip_connect', 'avg_pool_3x3', 1), ('sep_conv_3x3', 'avg_pool_3x3', 4)], normal_concat=range(2, 6), reduce=[('max_pool_3x3', 'max_pool_3x3', 0), ('avg_pool_3x3', 'max_pool_3x3', 1), ('sep_conv_3x3', 'skip_connect', 1), ('sep_conv_3x3', 'skip_connect', 2), ('dil_conv_5x5', 'max_pool_3x3', 0), ('sep_conv_5x5', 'sep_conv_3x3', 1), ('dil_conv_3x3', 'max_pool_3x3', 3), ('max_pool_3x3', 'max_pool_3x3', 2), ('dil_conv_3x3', 'sep_conv_5x5', 0), ('sep_conv_5x5', 'avg_pool_3x3', 2), ('dil_conv_3x3', 'max_pool_3x3', 1), ('sep_conv_3x3', 'skip_connect', 4), ('dil_conv_3x3', 'avg_pool_3x3', 0), ('avg_pool_3x3', 'max_pool_3x3', 3)], reduce_concat=range(2, 6))\n",
      "01/18 11:04:49 AM genotype = Genotype(normal=[('avg_pool_3x3', 1), ('sep_conv_5x5', 0), ('sep_conv_5x5', 1), ('avg_pool_3x3', 2), ('avg_pool_3x3', 1), ('sep_conv_3x3', 2), ('dil_conv_3x3', 0), ('avg_pool_3x3', 2)], normal_concat=range(2, 6), reduce=[('max_pool_3x3', 0), ('avg_pool_3x3', 1), ('sep_conv_3x3', 1), ('sep_conv_3x3', 2), ('sep_conv_5x5', 1), ('dil_conv_3x3', 3), ('sep_conv_5x5', 2), ('dil_conv_3x3', 1)], reduce_concat=range(2, 6))\n",
      "tensor([[0.1250, 0.1250, 0.1250, 0.1250, 0.1250, 0.1251, 0.1250, 0.1249],\n",
      "        [0.1248, 0.1251, 0.1253, 0.1250, 0.1251, 0.1249, 0.1249, 0.1249],\n",
      "        [0.1250, 0.1250, 0.1250, 0.1251, 0.1249, 0.1250, 0.1247, 0.1252],\n",
      "        [0.1252, 0.1251, 0.1249, 0.1250, 0.1249, 0.1252, 0.1249, 0.1248],\n",
      "        [0.1251, 0.1250, 0.1252, 0.1251, 0.1249, 0.1251, 0.1248, 0.1249],\n",
      "        [0.1249, 0.1250, 0.1251, 0.1251, 0.1250, 0.1250, 0.1250, 0.1248],\n",
      "        [0.1250, 0.1251, 0.1253, 0.1250, 0.1249, 0.1248, 0.1250, 0.1250],\n",
      "        [0.1249, 0.1249, 0.1251, 0.1248, 0.1254, 0.1251, 0.1248, 0.1250],\n",
      "        [0.1250, 0.1251, 0.1252, 0.1249, 0.1250, 0.1248, 0.1251, 0.1249],\n",
      "        [0.1251, 0.1249, 0.1250, 0.1250, 0.1250, 0.1248, 0.1252, 0.1249],\n",
      "        [0.1249, 0.1249, 0.1251, 0.1251, 0.1250, 0.1251, 0.1251, 0.1249],\n",
      "        [0.1249, 0.1249, 0.1251, 0.1250, 0.1250, 0.1250, 0.1249, 0.1251],\n",
      "        [0.1250, 0.1249, 0.1252, 0.1249, 0.1250, 0.1250, 0.1249, 0.1252],\n",
      "        [0.1251, 0.1249, 0.1251, 0.1249, 0.1252, 0.1250, 0.1250, 0.1247]],\n",
      "       device='cuda:0', grad_fn=<SoftmaxBackward>)\n",
      "tensor([[0.1251, 0.1252, 0.1252, 0.1248, 0.1251, 0.1249, 0.1248, 0.1250],\n",
      "        [0.1249, 0.1250, 0.1252, 0.1250, 0.1251, 0.1248, 0.1250, 0.1249],\n",
      "        [0.1251, 0.1251, 0.1248, 0.1250, 0.1248, 0.1250, 0.1250, 0.1251],\n",
      "        [0.1247, 0.1250, 0.1251, 0.1252, 0.1253, 0.1250, 0.1249, 0.1249],\n",
      "        [0.1249, 0.1250, 0.1250, 0.1251, 0.1252, 0.1251, 0.1249, 0.1249],\n",
      "        [0.1251, 0.1250, 0.1249, 0.1249, 0.1250, 0.1251, 0.1251, 0.1250],\n",
      "        [0.1250, 0.1249, 0.1250, 0.1249, 0.1251, 0.1252, 0.1250, 0.1250],\n",
      "        [0.1251, 0.1252, 0.1250, 0.1248, 0.1249, 0.1251, 0.1249, 0.1250],\n",
      "        [0.1251, 0.1250, 0.1249, 0.1248, 0.1249, 0.1250, 0.1252, 0.1251],\n",
      "        [0.1250, 0.1249, 0.1250, 0.1250, 0.1250, 0.1249, 0.1252, 0.1250],\n",
