{
 "cells": [
  {
   "cell_type": "markdown",
   "metadata": {},
   "source": [
    "# Coding Project: Differentiable NAS\n",
    "\n",
    "* ### Based on the paper:H. Liu, K. Simonyanand Y. Yang, “DARTS: Differentiable Architecture Search,” International Conference on Learning Representations (ICLR),2019\n",
    "\n",
    "* ### Assignment\n",
    "\n",
    "  1. Find a codebase of this paper (the original DARTS implementation is available, and you can find a few variants), download the CIFAR10 and CIFAR100 datasets\n",
    "\n",
    "  **The dataset and codebase have already upload in the OBS of Huawei Cloud Platform, you can use it directly in the ModelArts.**\n",
    "\n",
    "  1. Run the basic code on the server, with the standard configuration of the selected paperon CIFAR10 (take the computational costs into consideration)\n",
    "  \n",
    "  2. Finish the required task and one of the optional tasks (see the following slides) –of course, you can do more than one optional tasks if you wish (bonus points)\n",
    "  3. If you have more ideas, please specify a new task by yourself (bonus points)\n",
    "  4. Remember: integrate your results into your reading report\n",
    "  5. Date assigned: Nov. 19, 2019;    Date Due: Dec 14, 2020\n"
   ]
  },
  {
   "cell_type": "markdown",
   "metadata": {},
   "source": [
    "# Required Task\n",
    "\n",
    "* The basic training and testing pipeline\n",
    "    * Run a complete search process with DARTS or any of its variant on CIFAR10 (PC-DARTS is preferred due to the low costs)\n",
    "    * Note: due to the limitation of computational resource, you may not have sufficient resource to perform the re-training process\n",
    "    * Pay attention to the hyper-parameters (config, epochs, etc.)\n",
    "* Questions that should be answered in the report\n",
    "    * Paste complete training and testing curves and the final architecture\n",
    "    * Report the training and validation accuracy throughout the process\n",
    "    * How is performance changing with the number of iterations?\n",
    "    * Any other significant features that can be recognized in the curves?"
   ]
  },
  {
   "cell_type": "markdown",
   "metadata": {},
   "source": [
    "## Preparation\n",
    "One time installation of required libraries from requirement.txt and creating data path"
   ]
  },
  {
   "cell_type": "code",
   "execution_count": 3,
   "metadata": {},
   "outputs": [
    {
     "name": "stdout",
     "output_type": "stream",
     "text": [
      "mkdir: cannot create directory ‘data’: File exists\r\n"
     ]
    }
   ],
   "source": [
    "# !pip install -r requirements.txt\n",
    "!mkdir data"
   ]
  },
  {
   "cell_type": "markdown",
   "metadata": {},
   "source": [
    "Downloading CIFAR10"
   ]
  },
  {
   "cell_type": "code",
   "execution_count": 4,
   "metadata": {},
   "outputs": [
    {
     "name": "stdout",
     "output_type": "stream",
     "text": [
      "Successfully download file cv-course-public/coding-1/cifar-10-python.tar.gz from OBS to local ./data/cifar-10-python.tar.gz\n"
     ]
    }
   ],
   "source": [
    "from dataset.dataset_dowloader_ import *\n",
    "\n",
    "cifar10_dowloader()"
   ]
  },
  {
   "cell_type": "markdown",
   "metadata": {},
   "source": [
    "Let's start!"
   ]
  },
  {
   "cell_type": "code",
   "execution_count": 1,
   "metadata": {
    "scrolled": true
   },
   "outputs": [
    {
     "name": "stdout",
     "output_type": "stream",
     "text": [
      "Experiment dir : search-EXP-20200101-090356\n",
      "01/01 09:03:56 AM gpu device = 0\n",
      "01/01 09:03:56 AM args = Namespace(arch_learning_rate=0.0006, arch_weight_decay=0.001, batch_size=256, cutout=False, cutout_length=16, data='../data', drop_path_prob=0.3, epochs=50, gpu=0, grad_clip=5, init_channels=16, layers=8, learning_rate=0.1, learning_rate_min=0.001, model_path='saved_models', momentum=0.9, report_freq=50, save='search-EXP-20200101-090356', seed=2, set='cifar10', train_portion=0.5, unrolled=False, weight_decay=0.0003)\n",
      "01/01 09:03:59 AM param size = 0.299578MB\n",
      "Files already downloaded and verified\n",
      "01/01 09:04:00 AM epoch 0 lr 1.000000e-01\n",
      "01/01 09:04:00 AM genotype = Genotype(normal=[('avg_pool_3x3', 1), ('sep_conv_5x5', 0), ('sep_conv_5x5', 1), ('avg_pool_3x3', 2), ('avg_pool_3x3', 1), ('sep_conv_3x3', 2), ('dil_conv_3x3', 0), ('avg_pool_3x3', 2)], normal_concat=range(2, 6), reduce=[('max_pool_3x3', 0), ('avg_pool_3x3', 1), ('sep_conv_3x3', 1), ('sep_conv_3x3', 2), ('sep_conv_5x5', 1), ('dil_conv_3x3', 3), ('sep_conv_5x5', 2), ('dil_conv_3x3', 1)], reduce_concat=range(2, 6))\n",
      "tensor([[0.1250, 0.1250, 0.1250, 0.1250, 0.1250, 0.1251, 0.1250, 0.1249],\n",
      "        [0.1248, 0.1251, 0.1253, 0.1250, 0.1251, 0.1249, 0.1249, 0.1249],\n",
      "        [0.1250, 0.1250, 0.1250, 0.1251, 0.1249, 0.1250, 0.1247, 0.1252],\n",
      "        [0.1252, 0.1251, 0.1249, 0.1250, 0.1249, 0.1252, 0.1249, 0.1248],\n",
      "        [0.1251, 0.1250, 0.1252, 0.1251, 0.1249, 0.1251, 0.1248, 0.1249],\n",
      "        [0.1249, 0.1250, 0.1251, 0.1251, 0.1250, 0.1250, 0.1250, 0.1248],\n",
      "        [0.1250, 0.1251, 0.1253, 0.1250, 0.1249, 0.1248, 0.1250, 0.1250],\n",
      "        [0.1249, 0.1249, 0.1251, 0.1248, 0.1254, 0.1251, 0.1248, 0.1250],\n",
      "        [0.1250, 0.1251, 0.1252, 0.1249, 0.1250, 0.1248, 0.1251, 0.1249],\n",
      "        [0.1251, 0.1249, 0.1250, 0.1250, 0.1250, 0.1248, 0.1252, 0.1249],\n",
      "        [0.1249, 0.1249, 0.1251, 0.1251, 0.1250, 0.1251, 0.1251, 0.1249],\n",
      "        [0.1249, 0.1249, 0.1251, 0.1250, 0.1250, 0.1250, 0.1249, 0.1251],\n",
      "        [0.1250, 0.1249, 0.1252, 0.1249, 0.1250, 0.1250, 0.1249, 0.1252],\n",
      "        [0.1251, 0.1249, 0.1251, 0.1249, 0.1252, 0.1250, 0.1250, 0.1247]],\n",
      "       device='cuda:0', grad_fn=<SoftmaxBackward>)\n",
      "tensor([[0.1251, 0.1252, 0.1252, 0.1248, 0.1251, 0.1249, 0.1248, 0.1250],\n",
      "        [0.1249, 0.1250, 0.1252, 0.1250, 0.1251, 0.1248, 0.1250, 0.1249],\n",
      "        [0.1251, 0.1251, 0.1248, 0.1250, 0.1248, 0.1250, 0.1250, 0.1251],\n",
      "        [0.1247, 0.1250, 0.1251, 0.1252, 0.1253, 0.1250, 0.1249, 0.1249],\n",
      "        [0.1249, 0.1250, 0.1250, 0.1251, 0.1252, 0.1251, 0.1249, 0.1249],\n",
      "        [0.1251, 0.1250, 0.1249, 0.1249, 0.1250, 0.1251, 0.1251, 0.1250],\n",
      "        [0.1250, 0.1249, 0.1250, 0.1249, 0.1251, 0.1252, 0.1250, 0.1250],\n",
      "        [0.1251, 0.1252, 0.1250, 0.1248, 0.1249, 0.1251, 0.1249, 0.1250],\n",
      "        [0.1251, 0.1250, 0.1249, 0.1248, 0.1249, 0.1250, 0.1252, 0.1251],\n",
      "        [0.1250, 0.1249, 0.1250, 0.1250, 0.1250, 0.1249, 0.1252, 0.1250],\n",
      "        [0.1249, 0.1250, 0.1250, 0.1249, 0.1250, 0.1249, 0.1252, 0.1250],\n",
      "        [0.1253, 0.1250, 0.1250, 0.1249, 0.1248, 0.1252, 0.1249, 0.1250],\n",
      "        [0.1251, 0.1250, 0.1251, 0.1250, 0.1249, 0.1248, 0.1251, 0.1250],\n",
      "        [0.1252, 0.1250, 0.1249, 0.1250, 0.1250, 0.1249, 0.1250, 0.1250]],\n",
      "       device='cuda:0', grad_fn=<SoftmaxBackward>)\n",
      "tensor([0.3330, 0.3336, 0.3334], device='cuda:0', grad_fn=<SoftmaxBackward>)\n",
      "train_search.py:165: UserWarning: torch.nn.utils.clip_grad_norm is now deprecated in favor of torch.nn.utils.clip_grad_norm_.\n",
      "  nn.utils.clip_grad_norm(model.parameters(), args.grad_clip)\n",
      "01/01 09:04:04 AM train 000 2.322792e+00 8.593750 44.140625\n",
      "01/01 09:05:12 AM train 050 1.827510e+00 29.901961 83.609069\n",
      "01/01 09:06:16 AM train_acc 34.228000\n",
      "01/01 09:06:16 AM epoch 1 lr 9.990232e-02\n",
      "01/01 09:06:16 AM genotype = Genotype(normal=[('avg_pool_3x3', 1), ('sep_conv_5x5', 0), ('sep_conv_5x5', 1), ('avg_pool_3x3', 2), ('avg_pool_3x3', 1), ('sep_conv_3x3', 2), ('dil_conv_3x3', 0), ('avg_pool_3x3', 2)], normal_concat=range(2, 6), reduce=[('max_pool_3x3', 0), ('avg_pool_3x3', 1), ('sep_conv_3x3', 1), ('sep_conv_3x3', 2), ('sep_conv_5x5', 1), ('dil_conv_3x3', 3), ('sep_conv_5x5', 2), ('dil_conv_3x3', 1)], reduce_concat=range(2, 6))\n",
      "tensor([[0.1250, 0.1250, 0.1250, 0.1250, 0.1250, 0.1251, 0.1250, 0.1249],\n",
      "        [0.1248, 0.1251, 0.1253, 0.1250, 0.1251, 0.1249, 0.1249, 0.1249],\n",
      "        [0.1250, 0.1250, 0.1250, 0.1251, 0.1249, 0.1250, 0.1247, 0.1252],\n",
      "        [0.1252, 0.1251, 0.1249, 0.1250, 0.1249, 0.1252, 0.1249, 0.1248],\n",
      "        [0.1251, 0.1250, 0.1252, 0.1251, 0.1249, 0.1251, 0.1248, 0.1249],\n",
      "        [0.1249, 0.1250, 0.1251, 0.1251, 0.1250, 0.1250, 0.1250, 0.1248],\n",
      "        [0.1250, 0.1251, 0.1253, 0.1250, 0.1249, 0.1248, 0.1250, 0.1250],\n",
      "        [0.1249, 0.1249, 0.1251, 0.1248, 0.1254, 0.1251, 0.1248, 0.1250],\n",
      "        [0.1250, 0.1251, 0.1252, 0.1249, 0.1250, 0.1248, 0.1251, 0.1249],\n",
      "        [0.1251, 0.1249, 0.1250, 0.1250, 0.1250, 0.1248, 0.1252, 0.1249],\n",
      "        [0.1249, 0.1249, 0.1251, 0.1251, 0.1250, 0.1251, 0.1251, 0.1249],\n",
      "        [0.1249, 0.1249, 0.1251, 0.1250, 0.1250, 0.1250, 0.1249, 0.1251],\n",
      "        [0.1250, 0.1249, 0.1252, 0.1249, 0.1250, 0.1250, 0.1249, 0.1252],\n",
      "        [0.1251, 0.1249, 0.1251, 0.1249, 0.1252, 0.1250, 0.1250, 0.1247]],\n",
      "       device='cuda:0', grad_fn=<SoftmaxBackward>)\n",
      "tensor([[0.1251, 0.1252, 0.1252, 0.1248, 0.1251, 0.1249, 0.1248, 0.1250],\n",
      "        [0.1249, 0.1250, 0.1252, 0.1250, 0.1251, 0.1248, 0.1250, 0.1249],\n",
      "        [0.1251, 0.1251, 0.1248, 0.1250, 0.1248, 0.1250, 0.1250, 0.1251],\n",
      "        [0.1247, 0.1250, 0.1251, 0.1252, 0.1253, 0.1250, 0.1249, 0.1249],\n",
      "        [0.1249, 0.1250, 0.1250, 0.1251, 0.1252, 0.1251, 0.1249, 0.1249],\n",
      "        [0.1251, 0.1250, 0.1249, 0.1249, 0.1250, 0.1251, 0.1251, 0.1250],\n",
      "        [0.1250, 0.1249, 0.1250, 0.1249, 0.1251, 0.1252, 0.1250, 0.1250],\n",
      "        [0.1251, 0.1252, 0.1250, 0.1248, 0.1249, 0.1251, 0.1249, 0.1250],\n",
      "        [0.1251, 0.1250, 0.1249, 0.1248, 0.1249, 0.1250, 0.1252, 0.1251],\n",
      "        [0.1250, 0.1249, 0.1250, 0.1250, 0.1250, 0.1249, 0.1252, 0.1250],\n",
      "        [0.1249, 0.1250, 0.1250, 0.1249, 0.1250, 0.1249, 0.1252, 0.1250],\n",
      "        [0.1253, 0.1250, 0.1250, 0.1249, 0.1248, 0.1252, 0.1249, 0.1250],\n",
      "        [0.1251, 0.1250, 0.1251, 0.1250, 0.1249, 0.1248, 0.1251, 0.1250],\n",
      "        [0.1252, 0.1250, 0.1249, 0.1250, 0.1250, 0.1249, 0.1250, 0.1250]],\n",
      "       device='cuda:0', grad_fn=<SoftmaxBackward>)\n",
      "tensor([0.3330, 0.3336, 0.3334], device='cuda:0', grad_fn=<SoftmaxBackward>)\n",
      "01/01 09:06:19 AM train 000 1.512202e+00 48.437500 92.187500\n",
      "01/01 09:07:26 AM train 050 1.486976e+00 44.408701 92.126225\n",
      "01/01 09:08:29 AM train_acc 47.228000\n",
      "01/01 09:08:29 AM epoch 2 lr 9.960968e-02\n",
      "01/01 09:08:29 AM genotype = Genotype(normal=[('avg_pool_3x3', 1), ('sep_conv_5x5', 0), ('sep_conv_5x5', 1), ('avg_pool_3x3', 2), ('avg_pool_3x3', 1), ('sep_conv_3x3', 2), ('dil_conv_3x3', 0), ('avg_pool_3x3', 2)], normal_concat=range(2, 6), reduce=[('max_pool_3x3', 0), ('avg_pool_3x3', 1), ('sep_conv_3x3', 1), ('sep_conv_3x3', 2), ('sep_conv_5x5', 1), ('dil_conv_3x3', 3), ('sep_conv_5x5', 2), ('dil_conv_3x3', 1)], reduce_concat=range(2, 6))\n",
      "tensor([[0.1250, 0.1250, 0.1250, 0.1250, 0.1250, 0.1251, 0.1250, 0.1249],\n",
      "        [0.1248, 0.1251, 0.1253, 0.1250, 0.1251, 0.1249, 0.1249, 0.1249],\n",
      "        [0.1250, 0.1250, 0.1250, 0.1251, 0.1249, 0.1250, 0.1247, 0.1252],\n",
      "        [0.1252, 0.1251, 0.1249, 0.1250, 0.1249, 0.1252, 0.1249, 0.1248],\n",
      "        [0.1251, 0.1250, 0.1252, 0.1251, 0.1249, 0.1251, 0.1248, 0.1249],\n",
      "        [0.1249, 0.1250, 0.1251, 0.1251, 0.1250, 0.1250, 0.1250, 0.1248],\n",
      "        [0.1250, 0.1251, 0.1253, 0.1250, 0.1249, 0.1248, 0.1250, 0.1250],\n",
      "        [0.1249, 0.1249, 0.1251, 0.1248, 0.1254, 0.1251, 0.1248, 0.1250],\n",
      "        [0.1250, 0.1251, 0.1252, 0.1249, 0.1250, 0.1248, 0.1251, 0.1249],\n",
      "        [0.1251, 0.1249, 0.1250, 0.1250, 0.1250, 0.1248, 0.1252, 0.1249],\n",
      "        [0.1249, 0.1249, 0.1251, 0.1251, 0.1250, 0.1251, 0.1251, 0.1249],\n",
      "        [0.1249, 0.1249, 0.1251, 0.1250, 0.1250, 0.1250, 0.1249, 0.1251],\n",
      "        [0.1250, 0.1249, 0.1252, 0.1249, 0.1250, 0.1250, 0.1249, 0.1252],\n",
      "        [0.1251, 0.1249, 0.1251, 0.1249, 0.1252, 0.1250, 0.1250, 0.1247]],\n",
      "       device='cuda:0', grad_fn=<SoftmaxBackward>)\n",
      "tensor([[0.1251, 0.1252, 0.1252, 0.1248, 0.1251, 0.1249, 0.1248, 0.1250],\n",
      "        [0.1249, 0.1250, 0.1252, 0.1250, 0.1251, 0.1248, 0.1250, 0.1249],\n",
      "        [0.1251, 0.1251, 0.1248, 0.1250, 0.1248, 0.1250, 0.1250, 0.1251],\n",
      "        [0.1247, 0.1250, 0.1251, 0.1252, 0.1253, 0.1250, 0.1249, 0.1249],\n",
      "        [0.1249, 0.1250, 0.1250, 0.1251, 0.1252, 0.1251, 0.1249, 0.1249],\n",
      "        [0.1251, 0.1250, 0.1249, 0.1249, 0.1250, 0.1251, 0.1251, 0.1250],\n",
      "        [0.1250, 0.1249, 0.1250, 0.1249, 0.1251, 0.1252, 0.1250, 0.1250],\n",
      "        [0.1251, 0.1252, 0.1250, 0.1248, 0.1249, 0.1251, 0.1249, 0.1250],\n",
      "        [0.1251, 0.1250, 0.1249, 0.1248, 0.1249, 0.1250, 0.1252, 0.1251],\n",
      "        [0.1250, 0.1249, 0.1250, 0.1250, 0.1250, 0.1249, 0.1252, 0.1250],\n",
      "        [0.1249, 0.1250, 0.1250, 0.1249, 0.1250, 0.1249, 0.1252, 0.1250],\n",
      "        [0.1253, 0.1250, 0.1250, 0.1249, 0.1248, 0.1252, 0.1249, 0.1250],\n",
      "        [0.1251, 0.1250, 0.1251, 0.1250, 0.1249, 0.1248, 0.1251, 0.1250],\n",
      "        [0.1252, 0.1250, 0.1249, 0.1250, 0.1250, 0.1249, 0.1250, 0.1250]],\n",
      "       device='cuda:0', grad_fn=<SoftmaxBackward>)\n",
      "tensor([0.3330, 0.3336, 0.3334], device='cuda:0', grad_fn=<SoftmaxBackward>)\n",
      "01/01 09:08:30 AM train 000 1.415239e+00 50.390625 91.796875\n",
      "01/01 09:09:37 AM train 050 1.281366e+00 53.553922 94.615502\n",
      "01/01 09:10:40 AM train_acc 54.920000\n",
      "01/01 09:10:40 AM epoch 3 lr 9.912322e-02\n",
      "01/01 09:10:40 AM genotype = Genotype(normal=[('avg_pool_3x3', 1), ('sep_conv_5x5', 0), ('sep_conv_5x5', 1), ('avg_pool_3x3', 2), ('avg_pool_3x3', 1), ('sep_conv_3x3', 2), ('dil_conv_3x3', 0), ('avg_pool_3x3', 2)], normal_concat=range(2, 6), reduce=[('max_pool_3x3', 0), ('avg_pool_3x3', 1), ('sep_conv_3x3', 1), ('sep_conv_3x3', 2), ('sep_conv_5x5', 1), ('dil_conv_3x3', 3), ('sep_conv_5x5', 2), ('dil_conv_3x3', 1)], reduce_concat=range(2, 6))\n",
      "tensor([[0.1250, 0.1250, 0.1250, 0.1250, 0.1250, 0.1251, 0.1250, 0.1249],\n",
      "        [0.1248, 0.1251, 0.1253, 0.1250, 0.1251, 0.1249, 0.1249, 0.1249],\n",
      "        [0.1250, 0.1250, 0.1250, 0.1251, 0.1249, 0.1250, 0.1247, 0.1252],\n",
      "        [0.1252, 0.1251, 0.1249, 0.1250, 0.1249, 0.1252, 0.1249, 0.1248],\n",
      "        [0.1251, 0.1250, 0.1252, 0.1251, 0.1249, 0.1251, 0.1248, 0.1249],\n",
      "        [0.1249, 0.1250, 0.1251, 0.1251, 0.1250, 0.1250, 0.1250, 0.1248],\n",
      "        [0.1250, 0.1251, 0.1253, 0.1250, 0.1249, 0.1248, 0.1250, 0.1250],\n",
      "        [0.1249, 0.1249, 0.1251, 0.1248, 0.1254, 0.1251, 0.1248, 0.1250],\n",
      "        [0.1250, 0.1251, 0.1252, 0.1249, 0.1250, 0.1248, 0.1251, 0.1249],\n",
      "        [0.1251, 0.1249, 0.1250, 0.1250, 0.1250, 0.1248, 0.1252, 0.1249],\n",
      "        [0.1249, 0.1249, 0.1251, 0.1251, 0.1250, 0.1251, 0.1251, 0.1249],\n",
      "        [0.1249, 0.1249, 0.1251, 0.1250, 0.1250, 0.1250, 0.1249, 0.1251],\n",
      "        [0.1250, 0.1249, 0.1252, 0.1249, 0.1250, 0.1250, 0.1249, 0.1252],\n",
      "        [0.1251, 0.1249, 0.1251, 0.1249, 0.1252, 0.1250, 0.1250, 0.1247]],\n",
      "       device='cuda:0', grad_fn=<SoftmaxBackward>)\n",
      "tensor([[0.1251, 0.1252, 0.1252, 0.1248, 0.1251, 0.1249, 0.1248, 0.1250],\n",
      "        [0.1249, 0.1250, 0.1252, 0.1250, 0.1251, 0.1248, 0.1250, 0.1249],\n",
      "        [0.1251, 0.1251, 0.1248, 0.1250, 0.1248, 0.1250, 0.1250, 0.1251],\n",
      "        [0.1247, 0.1250, 0.1251, 0.1252, 0.1253, 0.1250, 0.1249, 0.1249],\n",
      "        [0.1249, 0.1250, 0.1250, 0.1251, 0.1252, 0.1251, 0.1249, 0.1249],\n",
      "        [0.1251, 0.1250, 0.1249, 0.1249, 0.1250, 0.1251, 0.1251, 0.1250],\n",
      "        [0.1250, 0.1249, 0.1250, 0.1249, 0.1251, 0.1252, 0.1250, 0.1250],\n",
      "        [0.1251, 0.1252, 0.1250, 0.1248, 0.1249, 0.1251, 0.1249, 0.1250],\n",
      "        [0.1251, 0.1250, 0.1249, 0.1248, 0.1249, 0.1250, 0.1252, 0.1251],\n",
      "        [0.1250, 0.1249, 0.1250, 0.1250, 0.1250, 0.1249, 0.1252, 0.1250],\n",
      "        [0.1249, 0.1250, 0.1250, 0.1249, 0.1250, 0.1249, 0.1252, 0.1250],\n",
      "        [0.1253, 0.1250, 0.1250, 0.1249, 0.1248, 0.1252, 0.1249, 0.1250],\n",
      "        [0.1251, 0.1250, 0.1251, 0.1250, 0.1249, 0.1248, 0.1251, 0.1250],\n",
      "        [0.1252, 0.1250, 0.1249, 0.1250, 0.1250, 0.1249, 0.1250, 0.1250]],\n",
      "       device='cuda:0', grad_fn=<SoftmaxBackward>)\n",
      "tensor([0.3330, 0.3336, 0.3334], device='cuda:0', grad_fn=<SoftmaxBackward>)\n",
      "01/01 09:10:42 AM train 000 1.093194e+00 65.234375 95.703125\n",
      "01/01 09:11:49 AM train 050 1.124567e+00 59.650735 95.871630\n",
      "01/01 09:12:51 AM train_acc 59.992000\n",
      "01/01 09:12:51 AM epoch 4 lr 9.844487e-02\n",
      "01/01 09:12:51 AM genotype = Genotype(normal=[('avg_pool_3x3', 1), ('sep_conv_5x5', 0), ('sep_conv_5x5', 1), ('avg_pool_3x3', 2), ('avg_pool_3x3', 1), ('sep_conv_3x3', 2), ('dil_conv_3x3', 0), ('avg_pool_3x3', 2)], normal_concat=range(2, 6), reduce=[('max_pool_3x3', 0), ('avg_pool_3x3', 1), ('sep_conv_3x3', 1), ('sep_conv_3x3', 2), ('sep_conv_5x5', 1), ('dil_conv_3x3', 3), ('sep_conv_5x5', 2), ('dil_conv_3x3', 1)], reduce_concat=range(2, 6))\n",
      "tensor([[0.1250, 0.1250, 0.1250, 0.1250, 0.1250, 0.1251, 0.1250, 0.1249],\n",
      "        [0.1248, 0.1251, 0.1253, 0.1250, 0.1251, 0.1249, 0.1249, 0.1249],\n",
      "        [0.1250, 0.1250, 0.1250, 0.1251, 0.1249, 0.1250, 0.1247, 0.1252],\n",
      "        [0.1252, 0.1251, 0.1249, 0.1250, 0.1249, 0.1252, 0.1249, 0.1248],\n",
      "        [0.1251, 0.1250, 0.1252, 0.1251, 0.1249, 0.1251, 0.1248, 0.1249],\n",
      "        [0.1249, 0.1250, 0.1251, 0.1251, 0.1250, 0.1250, 0.1250, 0.1248],\n",
      "        [0.1250, 0.1251, 0.1253, 0.1250, 0.1249, 0.1248, 0.1250, 0.1250],\n",
      "        [0.1249, 0.1249, 0.1251, 0.1248, 0.1254, 0.1251, 0.1248, 0.1250],\n",
      "        [0.1250, 0.1251, 0.1252, 0.1249, 0.1250, 0.1248, 0.1251, 0.1249],\n",
      "        [0.1251, 0.1249, 0.1250, 0.1250, 0.1250, 0.1248, 0.1252, 0.1249],\n",
      "        [0.1249, 0.1249, 0.1251, 0.1251, 0.1250, 0.1251, 0.1251, 0.1249],\n",
      "        [0.1249, 0.1249, 0.1251, 0.1250, 0.1250, 0.1250, 0.1249, 0.1251],\n",
      "        [0.1250, 0.1249, 0.1252, 0.1249, 0.1250, 0.1250, 0.1249, 0.1252],\n",
      "        [0.1251, 0.1249, 0.1251, 0.1249, 0.1252, 0.1250, 0.1250, 0.1247]],\n",
      "       device='cuda:0', grad_fn=<SoftmaxBackward>)\n",
      "tensor([[0.1251, 0.1252, 0.1252, 0.1248, 0.1251, 0.1249, 0.1248, 0.1250],\n",
      "        [0.1249, 0.1250, 0.1252, 0.1250, 0.1251, 0.1248, 0.1250, 0.1249],\n",
      "        [0.1251, 0.1251, 0.1248, 0.1250, 0.1248, 0.1250, 0.1250, 0.1251],\n",
      "        [0.1247, 0.1250, 0.1251, 0.1252, 0.1253, 0.1250, 0.1249, 0.1249],\n",
      "        [0.1249, 0.1250, 0.1250, 0.1251, 0.1252, 0.1251, 0.1249, 0.1249],\n",
      "        [0.1251, 0.1250, 0.1249, 0.1249, 0.1250, 0.1251, 0.1251, 0.1250],\n",
      "        [0.1250, 0.1249, 0.1250, 0.1249, 0.1251, 0.1252, 0.1250, 0.1250],\n",
      "        [0.1251, 0.1252, 0.1250, 0.1248, 0.1249, 0.1251, 0.1249, 0.1250],\n",
      "        [0.1251, 0.1250, 0.1249, 0.1248, 0.1249, 0.1250, 0.1252, 0.1251],\n",
      "        [0.1250, 0.1249, 0.1250, 0.1250, 0.1250, 0.1249, 0.1252, 0.1250],\n",
      "        [0.1249, 0.1250, 0.1250, 0.1249, 0.1250, 0.1249, 0.1252, 0.1250],\n",
      "        [0.1253, 0.1250, 0.1250, 0.1249, 0.1248, 0.1252, 0.1249, 0.1250],\n",
      "        [0.1251, 0.1250, 0.1251, 0.1250, 0.1249, 0.1248, 0.1251, 0.1250],\n",
      "        [0.1252, 0.1250, 0.1249, 0.1250, 0.1250, 0.1249, 0.1250, 0.1250]],\n",
      "       device='cuda:0', grad_fn=<SoftmaxBackward>)\n",
      "tensor([0.3330, 0.3336, 0.3334], device='cuda:0', grad_fn=<SoftmaxBackward>)\n",
      "01/01 09:12:53 AM train 000 1.046723e+00 65.234375 95.312500\n",
      "01/01 09:14:00 AM train 050 1.033771e+00 63.005515 96.714154\n",
      "01/01 09:15:03 AM train_acc 63.184000\n",
      "01/01 09:15:03 AM epoch 5 lr 9.757730e-02\n",
      "01/01 09:15:03 AM genotype = Genotype(normal=[('avg_pool_3x3', 1), ('sep_conv_5x5', 0), ('sep_conv_5x5', 1), ('avg_pool_3x3', 2), ('avg_pool_3x3', 1), ('sep_conv_3x3', 2), ('dil_conv_3x3', 0), ('avg_pool_3x3', 2)], normal_concat=range(2, 6), reduce=[('max_pool_3x3', 0), ('avg_pool_3x3', 1), ('sep_conv_3x3', 1), ('sep_conv_3x3', 2), ('sep_conv_5x5', 1), ('dil_conv_3x3', 3), ('sep_conv_5x5', 2), ('dil_conv_3x3', 1)], reduce_concat=range(2, 6))\n",
      "tensor([[0.1250, 0.1250, 0.1250, 0.1250, 0.1250, 0.1251, 0.1250, 0.1249],\n",
      "        [0.1248, 0.1251, 0.1253, 0.1250, 0.1251, 0.1249, 0.1249, 0.1249],\n",
      "        [0.1250, 0.1250, 0.1250, 0.1251, 0.1249, 0.1250, 0.1247, 0.1252],\n",
      "        [0.1252, 0.1251, 0.1249, 0.1250, 0.1249, 0.1252, 0.1249, 0.1248],\n",
      "        [0.1251, 0.1250, 0.1252, 0.1251, 0.1249, 0.1251, 0.1248, 0.1249],\n",
      "        [0.1249, 0.1250, 0.1251, 0.1251, 0.1250, 0.1250, 0.1250, 0.1248],\n",
      "        [0.1250, 0.1251, 0.1253, 0.1250, 0.1249, 0.1248, 0.1250, 0.1250],\n",
      "        [0.1249, 0.1249, 0.1251, 0.1248, 0.1254, 0.1251, 0.1248, 0.1250],\n",
      "        [0.1250, 0.1251, 0.1252, 0.1249, 0.1250, 0.1248, 0.1251, 0.1249],\n",
      "        [0.1251, 0.1249, 0.1250, 0.1250, 0.1250, 0.1248, 0.1252, 0.1249],\n",
      "        [0.1249, 0.1249, 0.1251, 0.1251, 0.1250, 0.1251, 0.1251, 0.1249],\n",
      "        [0.1249, 0.1249, 0.1251, 0.1250, 0.1250, 0.1250, 0.1249, 0.1251],\n",
      "        [0.1250, 0.1249, 0.1252, 0.1249, 0.1250, 0.1250, 0.1249, 0.1252],\n",
      "        [0.1251, 0.1249, 0.1251, 0.1249, 0.1252, 0.1250, 0.1250, 0.1247]],\n",
      "       device='cuda:0', grad_fn=<SoftmaxBackward>)\n",
      "tensor([[0.1251, 0.1252, 0.1252, 0.1248, 0.1251, 0.1249, 0.1248, 0.1250],\n",
      "        [0.1249, 0.1250, 0.1252, 0.1250, 0.1251, 0.1248, 0.1250, 0.1249],\n",
      "        [0.1251, 0.1251, 0.1248, 0.1250, 0.1248, 0.1250, 0.1250, 0.1251],\n",
      "        [0.1247, 0.1250, 0.1251, 0.1252, 0.1253, 0.1250, 0.1249, 0.1249],\n",
      "        [0.1249, 0.1250, 0.1250, 0.1251, 0.1252, 0.1251, 0.1249, 0.1249],\n",
      "        [0.1251, 0.1250, 0.1249, 0.1249, 0.1250, 0.1251, 0.1251, 0.1250],\n",
      "        [0.1250, 0.1249, 0.1250, 0.1249, 0.1251, 0.1252, 0.1250, 0.1250],\n",
      "        [0.1251, 0.1252, 0.1250, 0.1248, 0.1249, 0.1251, 0.1249, 0.1250],\n",
      "        [0.1251, 0.1250, 0.1249, 0.1248, 0.1249, 0.1250, 0.1252, 0.1251],\n",
      "        [0.1250, 0.1249, 0.1250, 0.1250, 0.1250, 0.1249, 0.1252, 0.1250],\n",
      "        [0.1249, 0.1250, 0.1250, 0.1249, 0.1250, 0.1249, 0.1252, 0.1250],\n",
      "        [0.1253, 0.1250, 0.1250, 0.1249, 0.1248, 0.1252, 0.1249, 0.1250],\n",
      "        [0.1251, 0.1250, 0.1251, 0.1250, 0.1249, 0.1248, 0.1251, 0.1250],\n",
      "        [0.1252, 0.1250, 0.1249, 0.1250, 0.1250, 0.1249, 0.1250, 0.1250]],\n",
      "       device='cuda:0', grad_fn=<SoftmaxBackward>)\n",
      "tensor([0.3330, 0.3336, 0.3334], device='cuda:0', grad_fn=<SoftmaxBackward>)\n",
      "01/01 09:15:05 AM train 000 1.024918e+00 62.109375 97.265625\n",
      "01/01 09:16:12 AM train 050 9.727117e-01 65.295650 96.982230\n",
      "01/01 09:17:14 AM train_acc 65.316000\n",
      "01/01 09:17:14 AM epoch 6 lr 9.652394e-02\n",
      "01/01 09:17:14 AM genotype = Genotype(normal=[('avg_pool_3x3', 1), ('sep_conv_5x5', 0), ('sep_conv_5x5', 1), ('avg_pool_3x3', 2), ('avg_pool_3x3', 1), ('sep_conv_3x3', 2), ('dil_conv_3x3', 0), ('avg_pool_3x3', 2)], normal_concat=range(2, 6), reduce=[('max_pool_3x3', 0), ('avg_pool_3x3', 1), ('sep_conv_3x3', 1), ('sep_conv_3x3', 2), ('sep_conv_5x5', 1), ('dil_conv_3x3', 3), ('sep_conv_5x5', 2), ('dil_conv_3x3', 1)], reduce_concat=range(2, 6))\n",
      "tensor([[0.1250, 0.1250, 0.1250, 0.1250, 0.1250, 0.1251, 0.1250, 0.1249],\n",
      "        [0.1248, 0.1251, 0.1253, 0.1250, 0.1251, 0.1249, 0.1249, 0.1249],\n",
      "        [0.1250, 0.1250, 0.1250, 0.1251, 0.1249, 0.1250, 0.1247, 0.1252],\n",
      "        [0.1252, 0.1251, 0.1249, 0.1250, 0.1249, 0.1252, 0.1249, 0.1248],\n",
      "        [0.1251, 0.1250, 0.1252, 0.1251, 0.1249, 0.1251, 0.1248, 0.1249],\n",
      "        [0.1249, 0.1250, 0.1251, 0.1251, 0.1250, 0.1250, 0.1250, 0.1248],\n",
      "        [0.1250, 0.1251, 0.1253, 0.1250, 0.1249, 0.1248, 0.1250, 0.1250],\n",
      "        [0.1249, 0.1249, 0.1251, 0.1248, 0.1254, 0.1251, 0.1248, 0.1250],\n",
      "        [0.1250, 0.1251, 0.1252, 0.1249, 0.1250, 0.1248, 0.1251, 0.1249],\n",
      "        [0.1251, 0.1249, 0.1250, 0.1250, 0.1250, 0.1248, 0.1252, 0.1249],\n",
      "        [0.1249, 0.1249, 0.1251, 0.1251, 0.1250, 0.1251, 0.1251, 0.1249],\n",
      "        [0.1249, 0.1249, 0.1251, 0.1250, 0.1250, 0.1250, 0.1249, 0.1251],\n",
      "        [0.1250, 0.1249, 0.1252, 0.1249, 0.1250, 0.1250, 0.1249, 0.1252],\n",
      "        [0.1251, 0.1249, 0.1251, 0.1249, 0.1252, 0.1250, 0.1250, 0.1247]],\n",
      "       device='cuda:0', grad_fn=<SoftmaxBackward>)\n",
      "tensor([[0.1251, 0.1252, 0.1252, 0.1248, 0.1251, 0.1249, 0.1248, 0.1250],\n",
      "        [0.1249, 0.1250, 0.1252, 0.1250, 0.1251, 0.1248, 0.1250, 0.1249],\n",
      "        [0.1251, 0.1251, 0.1248, 0.1250, 0.1248, 0.1250, 0.1250, 0.1251],\n",
      "        [0.1247, 0.1250, 0.1251, 0.1252, 0.1253, 0.1250, 0.1249, 0.1249],\n",
      "        [0.1249, 0.1250, 0.1250, 0.1251, 0.1252, 0.1251, 0.1249, 0.1249],\n",
      "        [0.1251, 0.1250, 0.1249, 0.1249, 0.1250, 0.1251, 0.1251, 0.1250],\n",
      "        [0.1250, 0.1249, 0.1250, 0.1249, 0.1251, 0.1252, 0.1250, 0.1250],\n",
      "        [0.1251, 0.1252, 0.1250, 0.1248, 0.1249, 0.1251, 0.1249, 0.1250],\n",
      "        [0.1251, 0.1250, 0.1249, 0.1248, 0.1249, 0.1250, 0.1252, 0.1251],\n",
      "        [0.1250, 0.1249, 0.1250, 0.1250, 0.1250, 0.1249, 0.1252, 0.1250],\n",
      "        [0.1249, 0.1250, 0.1250, 0.1249, 0.1250, 0.1249, 0.1252, 0.1250],\n",
      "        [0.1253, 0.1250, 0.1250, 0.1249, 0.1248, 0.1252, 0.1249, 0.1250],\n",
      "        [0.1251, 0.1250, 0.1251, 0.1250, 0.1249, 0.1248, 0.1251, 0.1250],\n",
      "        [0.1252, 0.1250, 0.1249, 0.1250, 0.1250, 0.1249, 0.1250, 0.1250]],\n",
      "       device='cuda:0', grad_fn=<SoftmaxBackward>)\n",
      "tensor([0.3330, 0.3336, 0.3334], device='cuda:0', grad_fn=<SoftmaxBackward>)\n",
      "01/01 09:17:16 AM train 000 9.325165e-01 68.750000 96.484375\n",
      "01/01 09:18:23 AM train 050 9.294527e-01 66.735600 97.311581\n",
      "01/01 09:19:26 AM train_acc 67.340000\n",
      "01/01 09:19:26 AM epoch 7 lr 9.528894e-02\n",
      "01/01 09:19:26 AM genotype = Genotype(normal=[('avg_pool_3x3', 1), ('sep_conv_5x5', 0), ('sep_conv_5x5', 1), ('avg_pool_3x3', 2), ('avg_pool_3x3', 1), ('sep_conv_3x3', 2), ('dil_conv_3x3', 0), ('avg_pool_3x3', 2)], normal_concat=range(2, 6), reduce=[('max_pool_3x3', 0), ('avg_pool_3x3', 1), ('sep_conv_3x3', 1), ('sep_conv_3x3', 2), ('sep_conv_5x5', 1), ('dil_conv_3x3', 3), ('sep_conv_5x5', 2), ('dil_conv_3x3', 1)], reduce_concat=range(2, 6))\n",
      "tensor([[0.1250, 0.1250, 0.1250, 0.1250, 0.1250, 0.1251, 0.1250, 0.1249],\n",
      "        [0.1248, 0.1251, 0.1253, 0.1250, 0.1251, 0.1249, 0.1249, 0.1249],\n",
      "        [0.1250, 0.1250, 0.1250, 0.1251, 0.1249, 0.1250, 0.1247, 0.1252],\n",
      "        [0.1252, 0.1251, 0.1249, 0.1250, 0.1249, 0.1252, 0.1249, 0.1248],\n",
      "        [0.1251, 0.1250, 0.1252, 0.1251, 0.1249, 0.1251, 0.1248, 0.1249],\n",
      "        [0.1249, 0.1250, 0.1251, 0.1251, 0.1250, 0.1250, 0.1250, 0.1248],\n",
      "        [0.1250, 0.1251, 0.1253, 0.1250, 0.1249, 0.1248, 0.1250, 0.1250],\n",
      "        [0.1249, 0.1249, 0.1251, 0.1248, 0.1254, 0.1251, 0.1248, 0.1250],\n",
      "        [0.1250, 0.1251, 0.1252, 0.1249, 0.1250, 0.1248, 0.1251, 0.1249],\n",
      "        [0.1251, 0.1249, 0.1250, 0.1250, 0.1250, 0.1248, 0.1252, 0.1249],\n",
      "        [0.1249, 0.1249, 0.1251, 0.1251, 0.1250, 0.1251, 0.1251, 0.1249],\n",
      "        [0.1249, 0.1249, 0.1251, 0.1250, 0.1250, 0.1250, 0.1249, 0.1251],\n",
      "        [0.1250, 0.1249, 0.1252, 0.1249, 0.1250, 0.1250, 0.1249, 0.1252],\n",
      "        [0.1251, 0.1249, 0.1251, 0.1249, 0.1252, 0.1250, 0.1250, 0.1247]],\n",
      "       device='cuda:0', grad_fn=<SoftmaxBackward>)\n",
      "tensor([[0.1251, 0.1252, 0.1252, 0.1248, 0.1251, 0.1249, 0.1248, 0.1250],\n",
      "        [0.1249, 0.1250, 0.1252, 0.1250, 0.1251, 0.1248, 0.1250, 0.1249],\n",
      "        [0.1251, 0.1251, 0.1248, 0.1250, 0.1248, 0.1250, 0.1250, 0.1251],\n",
      "        [0.1247, 0.1250, 0.1251, 0.1252, 0.1253, 0.1250, 0.1249, 0.1249],\n",
      "        [0.1249, 0.1250, 0.1250, 0.1251, 0.1252, 0.1251, 0.1249, 0.1249],\n",
      "        [0.1251, 0.1250, 0.1249, 0.1249, 0.1250, 0.1251, 0.1251, 0.1250],\n",
      "        [0.1250, 0.1249, 0.1250, 0.1249, 0.1251, 0.1252, 0.1250, 0.1250],\n",
      "        [0.1251, 0.1252, 0.1250, 0.1248, 0.1249, 0.1251, 0.1249, 0.1250],\n",
      "        [0.1251, 0.1250, 0.1249, 0.1248, 0.1249, 0.1250, 0.1252, 0.1251],\n",
      "        [0.1250, 0.1249, 0.1250, 0.1250, 0.1250, 0.1249, 0.1252, 0.1250],\n",
      "        [0.1249, 0.1250, 0.1250, 0.1249, 0.1250, 0.1249, 0.1252, 0.1250],\n",
      "        [0.1253, 0.1250, 0.1250, 0.1249, 0.1248, 0.1252, 0.1249, 0.1250],\n",
      "        [0.1251, 0.1250, 0.1251, 0.1250, 0.1249, 0.1248, 0.1251, 0.1250],\n",
      "        [0.1252, 0.1250, 0.1249, 0.1250, 0.1250, 0.1249, 0.1250, 0.1250]],\n",
      "       device='cuda:0', grad_fn=<SoftmaxBackward>)\n",
      "tensor([0.3330, 0.3336, 0.3334], device='cuda:0', grad_fn=<SoftmaxBackward>)\n",
      "01/01 09:19:28 AM train 000 9.065590e-01 66.796875 96.484375\n",
      "01/01 09:20:35 AM train 050 8.725918e-01 69.064032 97.740502\n",
      "01/01 09:21:37 AM train_acc 69.092000\n",
      "01/01 09:21:37 AM epoch 8 lr 9.387718e-02\n",
      "01/01 09:21:37 AM genotype = Genotype(normal=[('avg_pool_3x3', 1), ('sep_conv_5x5', 0), ('sep_conv_5x5', 1), ('avg_pool_3x3', 2), ('avg_pool_3x3', 1), ('sep_conv_3x3', 2), ('dil_conv_3x3', 0), ('avg_pool_3x3', 2)], normal_concat=range(2, 6), reduce=[('max_pool_3x3', 0), ('avg_pool_3x3', 1), ('sep_conv_3x3', 1), ('sep_conv_3x3', 2), ('sep_conv_5x5', 1), ('dil_conv_3x3', 3), ('sep_conv_5x5', 2), ('dil_conv_3x3', 1)], reduce_concat=range(2, 6))\n",
      "tensor([[0.1250, 0.1250, 0.1250, 0.1250, 0.1250, 0.1251, 0.1250, 0.1249],\n",
      "        [0.1248, 0.1251, 0.1253, 0.1250, 0.1251, 0.1249, 0.1249, 0.1249],\n",
      "        [0.1250, 0.1250, 0.1250, 0.1251, 0.1249, 0.1250, 0.1247, 0.1252],\n",
      "        [0.1252, 0.1251, 0.1249, 0.1250, 0.1249, 0.1252, 0.1249, 0.1248],\n",
      "        [0.1251, 0.1250, 0.1252, 0.1251, 0.1249, 0.1251, 0.1248, 0.1249],\n",
      "        [0.1249, 0.1250, 0.1251, 0.1251, 0.1250, 0.1250, 0.1250, 0.1248],\n",
      "        [0.1250, 0.1251, 0.1253, 0.1250, 0.1249, 0.1248, 0.1250, 0.1250],\n",
      "        [0.1249, 0.1249, 0.1251, 0.1248, 0.1254, 0.1251, 0.1248, 0.1250],\n",
      "        [0.1250, 0.1251, 0.1252, 0.1249, 0.1250, 0.1248, 0.1251, 0.1249],\n",
      "        [0.1251, 0.1249, 0.1250, 0.1250, 0.1250, 0.1248, 0.1252, 0.1249],\n",
      "        [0.1249, 0.1249, 0.1251, 0.1251, 0.1250, 0.1251, 0.1251, 0.1249],\n",
      "        [0.1249, 0.1249, 0.1251, 0.1250, 0.1250, 0.1250, 0.1249, 0.1251],\n",
      "        [0.1250, 0.1249, 0.1252, 0.1249, 0.1250, 0.1250, 0.1249, 0.1252],\n",
      "        [0.1251, 0.1249, 0.1251, 0.1249, 0.1252, 0.1250, 0.1250, 0.1247]],\n",
      "       device='cuda:0', grad_fn=<SoftmaxBackward>)\n",
      "tensor([[0.1251, 0.1252, 0.1252, 0.1248, 0.1251, 0.1249, 0.1248, 0.1250],\n",
      "        [0.1249, 0.1250, 0.1252, 0.1250, 0.1251, 0.1248, 0.1250, 0.1249],\n",
      "        [0.1251, 0.1251, 0.1248, 0.1250, 0.1248, 0.1250, 0.1250, 0.1251],\n",
      "        [0.1247, 0.1250, 0.1251, 0.1252, 0.1253, 0.1250, 0.1249, 0.1249],\n",
      "        [0.1249, 0.1250, 0.1250, 0.1251, 0.1252, 0.1251, 0.1249, 0.1249],\n",
      "        [0.1251, 0.1250, 0.1249, 0.1249, 0.1250, 0.1251, 0.1251, 0.1250],\n",
      "        [0.1250, 0.1249, 0.1250, 0.1249, 0.1251, 0.1252, 0.1250, 0.1250],\n",
      "        [0.1251, 0.1252, 0.1250, 0.1248, 0.1249, 0.1251, 0.1249, 0.1250],\n",
      "        [0.1251, 0.1250, 0.1249, 0.1248, 0.1249, 0.1250, 0.1252, 0.1251],\n",
      "        [0.1250, 0.1249, 0.1250, 0.1250, 0.1250, 0.1249, 0.1252, 0.1250],\n",
      "        [0.1249, 0.1250, 0.1250, 0.1249, 0.1250, 0.1249, 0.1252, 0.1250],\n",
      "        [0.1253, 0.1250, 0.1250, 0.1249, 0.1248, 0.1252, 0.1249, 0.1250],\n",
      "        [0.1251, 0.1250, 0.1251, 0.1250, 0.1249, 0.1248, 0.1251, 0.1250],\n",
      "        [0.1252, 0.1250, 0.1249, 0.1250, 0.1250, 0.1249, 0.1250, 0.1250]],\n",
      "       device='cuda:0', grad_fn=<SoftmaxBackward>)\n",
      "tensor([0.3330, 0.3336, 0.3334], device='cuda:0', grad_fn=<SoftmaxBackward>)\n",
      "01/01 09:21:39 AM train 000 8.138614e-01 76.562500 97.265625\n",
      "01/01 09:22:46 AM train 050 8.307604e-01 70.251225 98.062194\n",
      "01/01 09:23:49 AM train_acc 70.724000\n",
      "01/01 09:23:49 AM epoch 9 lr 9.229423e-02\n",
      "01/01 09:23:49 AM genotype = Genotype(normal=[('avg_pool_3x3', 1), ('sep_conv_5x5', 0), ('sep_conv_5x5', 1), ('avg_pool_3x3', 2), ('avg_pool_3x3', 1), ('sep_conv_3x3', 2), ('dil_conv_3x3', 0), ('avg_pool_3x3', 2)], normal_concat=range(2, 6), reduce=[('max_pool_3x3', 0), ('avg_pool_3x3', 1), ('sep_conv_3x3', 1), ('sep_conv_3x3', 2), ('sep_conv_5x5', 1), ('dil_conv_3x3', 3), ('sep_conv_5x5', 2), ('dil_conv_3x3', 1)], reduce_concat=range(2, 6))\n",
      "tensor([[0.1250, 0.1250, 0.1250, 0.1250, 0.1250, 0.1251, 0.1250, 0.1249],\n",
      "        [0.1248, 0.1251, 0.1253, 0.1250, 0.1251, 0.1249, 0.1249, 0.1249],\n",
      "        [0.1250, 0.1250, 0.1250, 0.1251, 0.1249, 0.1250, 0.1247, 0.1252],\n",
      "        [0.1252, 0.1251, 0.1249, 0.1250, 0.1249, 0.1252, 0.1249, 0.1248],\n",
      "        [0.1251, 0.1250, 0.1252, 0.1251, 0.1249, 0.1251, 0.1248, 0.1249],\n",
      "        [0.1249, 0.1250, 0.1251, 0.1251, 0.1250, 0.1250, 0.1250, 0.1248],\n",
      "        [0.1250, 0.1251, 0.1253, 0.1250, 0.1249, 0.1248, 0.1250, 0.1250],\n",
      "        [0.1249, 0.1249, 0.1251, 0.1248, 0.1254, 0.1251, 0.1248, 0.1250],\n",
      "        [0.1250, 0.1251, 0.1252, 0.1249, 0.1250, 0.1248, 0.1251, 0.1249],\n",
      "        [0.1251, 0.1249, 0.1250, 0.1250, 0.1250, 0.1248, 0.1252, 0.1249],\n",
      "        [0.1249, 0.1249, 0.1251, 0.1251, 0.1250, 0.1251, 0.1251, 0.1249],\n",
      "        [0.1249, 0.1249, 0.1251, 0.1250, 0.1250, 0.1250, 0.1249, 0.1251],\n",
      "        [0.1250, 0.1249, 0.1252, 0.1249, 0.1250, 0.1250, 0.1249, 0.1252],\n",
      "        [0.1251, 0.1249, 0.1251, 0.1249, 0.1252, 0.1250, 0.1250, 0.1247]],\n",
      "       device='cuda:0', grad_fn=<SoftmaxBackward>)\n",
      "tensor([[0.1251, 0.1252, 0.1252, 0.1248, 0.1251, 0.1249, 0.1248, 0.1250],\n",
      "        [0.1249, 0.1250, 0.1252, 0.1250, 0.1251, 0.1248, 0.1250, 0.1249],\n",
      "        [0.1251, 0.1251, 0.1248, 0.1250, 0.1248, 0.1250, 0.1250, 0.1251],\n",
      "        [0.1247, 0.1250, 0.1251, 0.1252, 0.1253, 0.1250, 0.1249, 0.1249],\n",
      "        [0.1249, 0.1250, 0.1250, 0.1251, 0.1252, 0.1251, 0.1249, 0.1249],\n",
      "        [0.1251, 0.1250, 0.1249, 0.1249, 0.1250, 0.1251, 0.1251, 0.1250],\n",
      "        [0.1250, 0.1249, 0.1250, 0.1249, 0.1251, 0.1252, 0.1250, 0.1250],\n",
      "        [0.1251, 0.1252, 0.1250, 0.1248, 0.1249, 0.1251, 0.1249, 0.1250],\n",
      "        [0.1251, 0.1250, 0.1249, 0.1248, 0.1249, 0.1250, 0.1252, 0.1251],\n",
      "        [0.1250, 0.1249, 0.1250, 0.1250, 0.1250, 0.1249, 0.1252, 0.1250],\n",
      "        [0.1249, 0.1250, 0.1250, 0.1249, 0.1250, 0.1249, 0.1252, 0.1250],\n",
      "        [0.1253, 0.1250, 0.1250, 0.1249, 0.1248, 0.1252, 0.1249, 0.1250],\n",
      "        [0.1251, 0.1250, 0.1251, 0.1250, 0.1249, 0.1248, 0.1251, 0.1250],\n",
      "        [0.1252, 0.1250, 0.1249, 0.1250, 0.1250, 0.1249, 0.1250, 0.1250]],\n",
      "       device='cuda:0', grad_fn=<SoftmaxBackward>)\n",
      "tensor([0.3330, 0.3336, 0.3334], device='cuda:0', grad_fn=<SoftmaxBackward>)\n",
      "01/01 09:23:51 AM train 000 7.594523e-01 73.437500 98.437500\n",
      "01/01 09:24:58 AM train 050 7.937250e-01 71.683517 98.115809\n",
      "01/01 09:26:00 AM train_acc 71.696000\n",
      "01/01 09:26:01 AM epoch 10 lr 9.054634e-02\n",
      "01/01 09:26:01 AM genotype = Genotype(normal=[('avg_pool_3x3', 1), ('sep_conv_5x5', 0), ('sep_conv_5x5', 1), ('avg_pool_3x3', 2), ('avg_pool_3x3', 1), ('sep_conv_3x3', 2), ('dil_conv_3x3', 0), ('avg_pool_3x3', 2)], normal_concat=range(2, 6), reduce=[('max_pool_3x3', 0), ('avg_pool_3x3', 1), ('sep_conv_3x3', 1), ('sep_conv_3x3', 2), ('sep_conv_5x5', 1), ('dil_conv_3x3', 3), ('sep_conv_5x5', 2), ('dil_conv_3x3', 1)], reduce_concat=range(2, 6))\n",
      "tensor([[0.1250, 0.1250, 0.1250, 0.1250, 0.1250, 0.1251, 0.1250, 0.1249],\n",
      "        [0.1248, 0.1251, 0.1253, 0.1250, 0.1251, 0.1249, 0.1249, 0.1249],\n",
      "        [0.1250, 0.1250, 0.1250, 0.1251, 0.1249, 0.1250, 0.1247, 0.1252],\n",
      "        [0.1252, 0.1251, 0.1249, 0.1250, 0.1249, 0.1252, 0.1249, 0.1248],\n",
      "        [0.1251, 0.1250, 0.1252, 0.1251, 0.1249, 0.1251, 0.1248, 0.1249],\n",
      "        [0.1249, 0.1250, 0.1251, 0.1251, 0.1250, 0.1250, 0.1250, 0.1248],\n",
      "        [0.1250, 0.1251, 0.1253, 0.1250, 0.1249, 0.1248, 0.1250, 0.1250],\n",
      "        [0.1249, 0.1249, 0.1251, 0.1248, 0.1254, 0.1251, 0.1248, 0.1250],\n",
      "        [0.1250, 0.1251, 0.1252, 0.1249, 0.1250, 0.1248, 0.1251, 0.1249],\n",
      "        [0.1251, 0.1249, 0.1250, 0.1250, 0.1250, 0.1248, 0.1252, 0.1249],\n",
      "        [0.1249, 0.1249, 0.1251, 0.1251, 0.1250, 0.1251, 0.1251, 0.1249],\n",
      "        [0.1249, 0.1249, 0.1251, 0.1250, 0.1250, 0.1250, 0.1249, 0.1251],\n",
      "        [0.1250, 0.1249, 0.1252, 0.1249, 0.1250, 0.1250, 0.1249, 0.1252],\n",
      "        [0.1251, 0.1249, 0.1251, 0.1249, 0.1252, 0.1250, 0.1250, 0.1247]],\n",
      "       device='cuda:0', grad_fn=<SoftmaxBackward>)\n",
      "tensor([[0.1251, 0.1252, 0.1252, 0.1248, 0.1251, 0.1249, 0.1248, 0.1250],\n",
      "        [0.1249, 0.1250, 0.1252, 0.1250, 0.1251, 0.1248, 0.1250, 0.1249],\n",
      "        [0.1251, 0.1251, 0.1248, 0.1250, 0.1248, 0.1250, 0.1250, 0.1251],\n",
      "        [0.1247, 0.1250, 0.1251, 0.1252, 0.1253, 0.1250, 0.1249, 0.1249],\n",
      "        [0.1249, 0.1250, 0.1250, 0.1251, 0.1252, 0.1251, 0.1249, 0.1249],\n",
      "        [0.1251, 0.1250, 0.1249, 0.1249, 0.1250, 0.1251, 0.1251, 0.1250],\n",
      "        [0.1250, 0.1249, 0.1250, 0.1249, 0.1251, 0.1252, 0.1250, 0.1250],\n",
      "        [0.1251, 0.1252, 0.1250, 0.1248, 0.1249, 0.1251, 0.1249, 0.1250],\n",
      "        [0.1251, 0.1250, 0.1249, 0.1248, 0.1249, 0.1250, 0.1252, 0.1251],\n",
      "        [0.1250, 0.1249, 0.1250, 0.1250, 0.1250, 0.1249, 0.1252, 0.1250],\n",
